instance,timestamp,value
10.100.252.254:9100,1715936090.472,22.114343694199327
10.100.252.254:9100,1715936091.472,22.114343694199327
10.100.252.254:9100,1715936092.472,22.114343694199327
10.100.252.254:9100,1715936093.472,22.114343694199327
10.100.252.254:9100,1715936094.472,22.114343694199327
10.100.252.254:9100,1715936095.472,22.114343694199327
10.100.252.254:9100,1715936096.472,22.114343694199327
10.100.252.254:9100,1715936097.472,22.114343694199327
10.100.252.254:9100,1715936098.472,22.114343694199327
10.100.252.254:9100,1715936099.472,22.114343694199327
10.100.252.254:9100,1715936100.472,22.114343694199327
10.100.252.254:9100,1715936101.472,22.114343694199327
10.100.252.254:9100,1715936102.472,22.114343694199327
10.100.252.254:9100,1715936103.472,22.114343694199327
10.100.252.254:9100,1715936104.472,22.114343694199327
10.100.252.254:9100,1715936105.472,22.114343694199327
10.100.252.254:9100,1715936106.472,22.114343694199327
10.100.252.254:9100,1715936107.472,22.114343694199327
10.100.252.254:9100,1715936108.472,22.114343694199327
10.100.252.254:9100,1715936109.472,22.114343694199327
10.100.252.254:9100,1715936110.472,22.114343694199327
10.100.252.254:9100,1715936111.472,22.114343694199327
10.100.252.254:9100,1715936112.472,22.114343694199327
10.100.252.254:9100,1715936113.472,22.18884445918037
10.100.252.254:9100,1715936114.472,22.18884445918037
10.100.252.254:9100,1715936115.472,22.18884445918037
10.100.252.254:9100,1715936116.472,22.18884445918037
10.100.252.254:9100,1715936117.472,22.18884445918037
10.100.252.254:9100,1715936118.472,22.18884445918037
10.100.252.254:9100,1715936119.472,22.18884445918037
10.100.252.254:9100,1715936120.472,22.18884445918037
10.100.252.254:9100,1715936121.472,22.18884445918037
10.100.252.254:9100,1715936122.472,22.18884445918037
10.100.252.254:9100,1715936123.472,22.18884445918037
10.100.252.254:9100,1715936124.472,22.18884445918037
10.100.252.254:9100,1715936125.472,22.18884445918037
10.100.252.254:9100,1715936126.472,22.18884445918037
10.100.252.254:9100,1715936127.472,22.18884445918037
10.100.252.254:9100,1715936128.472,22.18884445918037
10.100.252.254:9100,1715936129.472,22.18884445918037
10.100.252.254:9100,1715936130.472,22.18884445918037
10.100.252.254:9100,1715936131.472,22.18884445918037
10.100.252.254:9100,1715936132.472,22.18884445918037
10.100.252.254:9100,1715936133.472,22.18884445918037
10.100.252.254:9100,1715936134.472,22.18884445918037
10.100.252.254:9100,1715936135.472,22.18884445918037
10.100.252.254:9100,1715936136.472,22.18884445918037
10.100.252.254:9100,1715936137.472,22.18884445918037
10.100.252.254:9100,1715936138.472,22.18884445918037
10.100.252.254:9100,1715936139.472,22.18884445918037
10.100.252.254:9100,1715936140.472,22.18884445918037
10.100.252.254:9100,1715936141.472,22.18884445918037
10.100.252.254:9100,1715936142.472,22.18884445918037
10.100.252.254:9100,1715936143.472,22.097765775986385
10.100.252.254:9100,1715936144.472,22.097765775986385
10.100.252.254:9100,1715936145.472,22.097765775986385
10.100.252.254:9100,1715936146.472,22.097765775986385
10.100.252.254:9100,1715936147.472,22.097765775986385
10.100.252.254:9100,1715936148.472,22.097765775986385
10.100.252.254:9100,1715936149.472,22.097765775986385
10.100.252.254:9100,1715936150.472,22.097765775986385
10.100.252.254:9100,1715936151.472,22.097765775986385
10.100.252.254:9100,1715936152.472,22.097765775986385
10.100.252.254:9100,1715936153.472,22.097765775986385
10.100.252.254:9100,1715936154.472,22.097765775986385
10.100.252.254:9100,1715936155.472,22.097765775986385
10.100.252.254:9100,1715936156.472,22.097765775986385
10.100.252.254:9100,1715936157.472,22.097765775986385
10.100.252.254:9100,1715936158.472,22.097765775986385
10.100.252.254:9100,1715936159.472,22.097765775986385
10.100.252.254:9100,1715936160.472,22.097765775986385
10.100.252.254:9100,1715936161.472,22.097765775986385
10.100.252.254:9100,1715936162.472,22.097765775986385
10.100.252.254:9100,1715936163.472,22.097765775986385
10.100.252.254:9100,1715936164.472,22.097765775986385
10.100.252.254:9100,1715936165.472,22.097765775986385
10.100.252.254:9100,1715936166.472,22.097765775986385
10.100.252.254:9100,1715936167.472,22.097765775986385
10.100.252.254:9100,1715936168.472,22.097765775986385
10.100.252.254:9100,1715936169.472,22.097765775986385
10.100.252.254:9100,1715936170.472,22.097765775986385
10.100.252.254:9100,1715936171.472,22.097765775986385
10.100.252.254:9100,1715936172.472,22.097765775986385
10.100.252.254:9100,1715936173.472,22.187146720568204
10.100.252.254:9100,1715936174.472,22.187146720568204
10.100.252.254:9100,1715936175.472,22.187146720568204
10.100.252.254:9100,1715936176.472,22.187146720568204
10.100.252.254:9100,1715936177.472,22.187146720568204
10.100.252.254:9100,1715936178.472,22.187146720568204
10.100.252.254:9100,1715936179.472,22.187146720568204
10.100.252.254:9100,1715936180.472,22.187146720568204
10.100.252.254:9100,1715936181.472,22.187146720568204
10.100.252.254:9100,1715936182.472,22.187146720568204
10.100.252.254:9100,1715936183.472,22.187146720568204
10.100.252.254:9100,1715936184.472,22.187146720568204
10.100.252.254:9100,1715936185.472,22.187146720568204
10.100.252.254:9100,1715936186.472,22.187146720568204
10.100.252.254:9100,1715936187.472,22.187146720568204
10.100.252.254:9100,1715936188.472,22.187146720568204
10.100.252.254:9100,1715936189.472,22.187146720568204
10.100.252.254:9100,1715936190.472,22.187146720568204
10.100.252.254:9100,1715936191.472,22.187146720568204
10.100.252.254:9100,1715936192.472,22.187146720568204
10.100.252.254:9100,1715936193.472,22.187146720568204
10.100.252.254:9100,1715936194.472,22.187146720568204
10.100.252.254:9100,1715936195.472,22.187146720568204
10.100.252.254:9100,1715936196.472,22.187146720568204
10.100.252.254:9100,1715936197.472,22.187146720568204
10.100.252.254:9100,1715936198.472,22.187146720568204
10.100.252.254:9100,1715936199.472,22.187146720568204
10.100.252.254:9100,1715936200.472,22.187146720568204
10.100.252.254:9100,1715936201.472,22.187146720568204
10.100.252.254:9100,1715936202.472,22.187146720568204
10.100.252.254:9100,1715936203.472,22.172666008876178
10.100.252.254:9100,1715936204.472,22.172666008876178
10.100.252.254:9100,1715936205.472,22.172666008876178
10.100.252.254:9100,1715936206.472,22.172666008876178
10.100.252.254:9100,1715936207.472,22.172666008876178
10.100.252.254:9100,1715936208.472,22.172666008876178
10.100.252.254:9100,1715936209.472,22.172666008876178
10.100.252.254:9100,1715936210.472,22.172666008876178
10.100.252.254:9100,1715936211.472,22.172666008876178
10.100.252.254:9100,1715936212.472,22.172666008876178
10.100.252.254:9100,1715936213.472,22.172666008876178
10.100.252.254:9100,1715936214.472,22.172666008876178
10.100.252.254:9100,1715936215.472,22.172666008876178
10.100.252.254:9100,1715936216.472,22.172666008876178
10.100.252.254:9100,1715936217.472,22.172666008876178
10.100.252.254:9100,1715936218.472,22.172666008876178
10.100.252.254:9100,1715936219.472,22.172666008876178
10.100.252.254:9100,1715936220.472,22.172666008876178
10.100.252.254:9100,1715936221.472,22.172666008876178
10.100.252.254:9100,1715936222.472,22.172666008876178
10.100.252.254:9100,1715936223.472,22.172666008876178
10.100.252.254:9100,1715936224.472,22.172666008876178
10.100.252.254:9100,1715936225.472,22.172666008876178
10.100.252.254:9100,1715936226.472,22.172666008876178
10.100.252.254:9100,1715936227.472,22.172666008876178
10.100.252.254:9100,1715936228.472,22.172666008876178
10.100.252.254:9100,1715936229.472,22.172666008876178
10.100.252.254:9100,1715936230.472,22.172666008876178
10.100.252.254:9100,1715936231.472,22.172666008876178
10.100.252.254:9100,1715936232.472,22.172666008876178
10.100.252.254:9100,1715936233.472,22.136014828248772
10.100.252.254:9100,1715936234.472,22.136014828248772
10.100.252.254:9100,1715936235.472,22.136014828248772
10.100.252.254:9100,1715936236.472,22.136014828248772
10.100.252.254:9100,1715936237.472,22.136014828248772
10.100.252.254:9100,1715936238.472,22.136014828248772
10.100.252.254:9100,1715936239.472,22.136014828248772
10.100.252.254:9100,1715936240.472,22.136014828248772
10.100.252.254:9100,1715936241.472,22.136014828248772
10.100.252.254:9100,1715936242.472,22.136014828248772
10.100.252.254:9100,1715936243.472,22.136014828248772
10.100.252.254:9100,1715936244.472,22.136014828248772
10.100.252.254:9100,1715936245.472,22.136014828248772
10.100.252.254:9100,1715936246.472,22.136014828248772
10.100.252.254:9100,1715936247.472,22.136014828248772
10.100.252.254:9100,1715936248.472,22.136014828248772
10.100.252.254:9100,1715936249.472,22.136014828248772
10.100.252.254:9100,1715936250.472,22.136014828248772
10.100.252.254:9100,1715936251.472,22.136014828248772
10.100.252.254:9100,1715936252.472,22.136014828248772
10.100.252.254:9100,1715936253.472,22.136014828248772
10.100.252.254:9100,1715936254.472,22.136014828248772
10.100.252.254:9100,1715936255.472,22.136014828248772
10.100.252.254:9100,1715936256.472,22.136014828248772
10.100.252.254:9100,1715936257.472,22.136014828248772
10.100.252.254:9100,1715936258.472,22.136014828248772
10.100.252.254:9100,1715936259.472,22.136014828248772
10.100.252.254:9100,1715936260.472,22.136014828248772
10.100.252.254:9100,1715936261.472,22.136014828248772
10.100.252.254:9100,1715936262.472,22.136014828248772
10.100.252.254:9100,1715936263.472,22.059916191632745
10.100.252.254:9100,1715936264.472,22.059916191632745
10.100.252.254:9100,1715936265.472,22.059916191632745
10.100.252.254:9100,1715936266.472,22.059916191632745
10.100.252.254:9100,1715936267.472,22.059916191632745
10.100.252.254:9100,1715936268.472,22.059916191632745
10.100.252.254:9100,1715936269.472,22.059916191632745
10.100.252.254:9100,1715936270.472,22.059916191632745
10.100.252.254:9100,1715936271.472,22.059916191632745
10.100.252.254:9100,1715936272.472,22.059916191632745
10.100.252.254:9100,1715936273.472,22.059916191632745
10.100.252.254:9100,1715936274.472,22.059916191632745
10.100.252.254:9100,1715936275.472,22.059916191632745
10.100.252.254:9100,1715936276.472,22.059916191632745
10.100.252.254:9100,1715936277.472,22.059916191632745
10.100.252.254:9100,1715936278.472,22.059916191632745
10.100.252.254:9100,1715936279.472,22.059916191632745
10.100.252.254:9100,1715936280.472,22.059916191632745
10.100.252.254:9100,1715936281.472,22.059916191632745
10.100.252.254:9100,1715936282.472,22.059916191632745
10.100.252.254:9100,1715936283.472,22.059916191632745
10.100.252.254:9100,1715936284.472,22.059916191632745
10.100.252.254:9100,1715936285.472,22.059916191632745
10.100.252.254:9100,1715936286.472,22.059916191632745
10.100.252.254:9100,1715936287.472,22.059916191632745
10.100.252.254:9100,1715936288.472,22.059916191632745
10.100.252.254:9100,1715936289.472,22.059916191632745
10.100.252.254:9100,1715936290.472,22.059916191632745
10.100.252.254:9100,1715936291.472,22.059916191632745
10.100.252.254:9100,1715936292.472,22.059916191632745
10.100.252.254:9100,1715936293.472,22.16178050836286
10.100.252.254:9100,1715936294.472,22.16178050836286
10.100.252.254:9100,1715936295.472,22.16178050836286
10.100.252.254:9100,1715936296.472,22.16178050836286
10.100.252.254:9100,1715936297.472,22.16178050836286
10.100.252.254:9100,1715936298.472,22.16178050836286
10.100.252.254:9100,1715936299.472,22.16178050836286
10.100.252.254:9100,1715936300.472,22.16178050836286
10.100.252.254:9100,1715936301.472,22.16178050836286
10.100.252.254:9100,1715936302.472,22.16178050836286
10.100.252.254:9100,1715936303.472,22.16178050836286
10.100.252.254:9100,1715936304.472,22.16178050836286
10.100.252.254:9100,1715936305.472,22.16178050836286
10.100.252.254:9100,1715936306.472,22.16178050836286
10.100.252.254:9100,1715936307.472,22.16178050836286
10.100.252.254:9100,1715936308.472,22.16178050836286
10.100.252.254:9100,1715936309.472,22.16178050836286
10.100.252.254:9100,1715936310.472,22.16178050836286
10.100.252.254:9100,1715936311.472,22.16178050836286
10.100.252.254:9100,1715936312.472,22.16178050836286
10.100.252.254:9100,1715936313.472,22.16178050836286
10.100.252.254:9100,1715936314.472,22.16178050836286
10.100.252.254:9100,1715936315.472,22.16178050836286
10.100.252.254:9100,1715936316.472,22.16178050836286
10.100.252.254:9100,1715936317.472,22.16178050836286
10.100.252.254:9100,1715936318.472,22.16178050836286
10.100.252.254:9100,1715936319.472,22.16178050836286
10.100.252.254:9100,1715936320.472,22.16178050836286
10.100.252.254:9100,1715936321.472,22.16178050836286
10.100.252.254:9100,1715936322.472,22.16178050836286
10.100.252.254:9100,1715936323.472,22.21660747883819
10.100.252.254:9100,1715936324.472,22.21660747883819
10.100.252.254:9100,1715936325.472,22.21660747883819
10.100.252.254:9100,1715936326.472,22.21660747883819
10.100.252.254:9100,1715936327.472,22.21660747883819
10.100.252.254:9100,1715936328.472,22.21660747883819
10.100.252.254:9100,1715936329.472,22.21660747883819
10.100.252.254:9100,1715936330.472,22.21660747883819
10.100.252.254:9100,1715936331.472,22.21660747883819
10.100.252.254:9100,1715936332.472,22.21660747883819
10.100.252.254:9100,1715936333.472,22.21660747883819
10.100.252.254:9100,1715936334.472,22.21660747883819
10.100.252.254:9100,1715936335.472,22.21660747883819
10.100.252.254:9100,1715936336.472,22.21660747883819
10.100.252.254:9100,1715936337.472,22.21660747883819
10.100.252.254:9100,1715936338.472,22.21660747883819
10.100.252.254:9100,1715936339.472,22.21660747883819
10.100.252.254:9100,1715936340.472,22.21660747883819
10.100.252.254:9100,1715936341.472,22.21660747883819
10.100.252.254:9100,1715936342.472,22.21660747883819
10.100.252.254:9100,1715936343.472,22.21660747883819
10.100.252.254:9100,1715936344.472,22.21660747883819
10.100.252.254:9100,1715936345.472,22.21660747883819
10.100.252.254:9100,1715936346.472,22.21660747883819
10.100.252.254:9100,1715936347.472,22.21660747883819
10.100.252.254:9100,1715936348.472,22.21660747883819
10.100.252.254:9100,1715936349.472,22.21660747883819
10.100.252.254:9100,1715936350.472,22.21660747883819
10.100.252.254:9100,1715936351.472,22.21660747883819
10.100.252.254:9100,1715936352.472,22.21660747883819
10.100.252.254:9100,1715936353.472,22.19413740897125
10.100.252.254:9100,1715936354.472,22.19413740897125
10.100.252.254:9100,1715936355.472,22.19413740897125
10.100.252.254:9100,1715936356.472,22.19413740897125
10.100.252.254:9100,1715936357.472,22.19413740897125
10.100.252.254:9100,1715936358.472,22.19413740897125
10.100.252.254:9100,1715936359.472,22.19413740897125
10.100.252.254:9100,1715936360.472,22.19413740897125
10.100.252.254:9100,1715936361.472,22.19413740897125
10.100.252.254:9100,1715936362.472,22.19413740897125
10.100.252.254:9100,1715936363.472,22.19413740897125
10.100.252.254:9100,1715936364.472,22.19413740897125
10.100.252.254:9100,1715936365.472,22.19413740897125
10.100.252.254:9100,1715936366.472,22.19413740897125
10.100.252.254:9100,1715936367.472,22.19413740897125
10.100.252.254:9100,1715936368.472,22.19413740897125
10.100.252.254:9100,1715936369.472,22.19413740897125
10.100.252.254:9100,1715936370.472,22.19413740897125
10.100.252.254:9100,1715936371.472,22.19413740897125
10.100.252.254:9100,1715936372.472,22.19413740897125
10.100.252.254:9100,1715936373.472,22.19413740897125
10.100.252.254:9100,1715936374.472,22.19413740897125
10.100.252.254:9100,1715936375.472,22.19413740897125
10.100.252.254:9100,1715936376.472,22.19413740897125
10.100.252.254:9100,1715936377.472,22.19413740897125
10.100.252.254:9100,1715936378.472,22.19413740897125
10.100.252.254:9100,1715936379.472,22.19413740897125
10.100.252.254:9100,1715936380.472,22.19413740897125
10.100.252.254:9100,1715936381.472,22.19413740897125
10.100.252.254:9100,1715936382.472,22.19413740897125
10.100.252.254:9100,1715936383.472,21.990508642488205
10.100.252.254:9100,1715936384.472,21.990508642488205
10.100.252.254:9100,1715936385.472,21.990508642488205
10.100.252.254:9100,1715936386.472,21.990508642488205
10.100.252.254:9100,1715936387.472,21.990508642488205
10.100.252.254:9100,1715936388.472,21.990508642488205
10.100.252.254:9100,1715936389.472,21.990508642488205
10.100.252.254:9100,1715936390.472,21.990508642488205
10.100.252.97:9100,1715936090.472,33.292054982762956
10.100.252.97:9100,1715936091.472,33.292054982762956
10.100.252.97:9100,1715936092.472,33.292054982762956
10.100.252.97:9100,1715936093.472,33.292054982762956
10.100.252.97:9100,1715936094.472,33.292054982762956
10.100.252.97:9100,1715936095.472,33.292054982762956
10.100.252.97:9100,1715936096.472,33.292054982762956
10.100.252.97:9100,1715936097.472,33.292054982762956
10.100.252.97:9100,1715936098.472,33.292054982762956
10.100.252.97:9100,1715936099.472,33.292054982762956
10.100.252.97:9100,1715936100.472,33.292054982762956
10.100.252.97:9100,1715936101.472,33.292054982762956
10.100.252.97:9100,1715936102.472,33.292054982762956
10.100.252.97:9100,1715936103.472,33.292054982762956
10.100.252.97:9100,1715936104.472,33.292054982762956
10.100.252.97:9100,1715936105.472,33.292054982762956
10.100.252.97:9100,1715936106.472,33.292054982762956
10.100.252.97:9100,1715936107.472,33.292054982762956
10.100.252.97:9100,1715936108.472,33.292054982762956
10.100.252.97:9100,1715936109.472,33.292054982762956
10.100.252.97:9100,1715936110.472,33.292054982762956
10.100.252.97:9100,1715936111.472,33.292054982762956
10.100.252.97:9100,1715936112.472,33.292054982762956
10.100.252.97:9100,1715936113.472,33.599145937611105
10.100.252.97:9100,1715936114.472,33.599145937611105
10.100.252.97:9100,1715936115.472,33.599145937611105
10.100.252.97:9100,1715936116.472,33.599145937611105
10.100.252.97:9100,1715936117.472,33.599145937611105
10.100.252.97:9100,1715936118.472,33.599145937611105
10.100.252.97:9100,1715936119.472,33.599145937611105
10.100.252.97:9100,1715936120.472,33.599145937611105
10.100.252.97:9100,1715936121.472,33.599145937611105
10.100.252.97:9100,1715936122.472,33.599145937611105
10.100.252.97:9100,1715936123.472,33.599145937611105
10.100.252.97:9100,1715936124.472,33.599145937611105
10.100.252.97:9100,1715936125.472,33.599145937611105
10.100.252.97:9100,1715936126.472,33.599145937611105
10.100.252.97:9100,1715936127.472,33.599145937611105
10.100.252.97:9100,1715936128.472,33.599145937611105
10.100.252.97:9100,1715936129.472,33.599145937611105
10.100.252.97:9100,1715936130.472,33.599145937611105
10.100.252.97:9100,1715936131.472,33.599145937611105
10.100.252.97:9100,1715936132.472,33.599145937611105
10.100.252.97:9100,1715936133.472,33.599145937611105
10.100.252.97:9100,1715936134.472,33.599145937611105
10.100.252.97:9100,1715936135.472,33.599145937611105
10.100.252.97:9100,1715936136.472,33.599145937611105
10.100.252.97:9100,1715936137.472,33.599145937611105
10.100.252.97:9100,1715936138.472,33.599145937611105
10.100.252.97:9100,1715936139.472,33.599145937611105
10.100.252.97:9100,1715936140.472,33.599145937611105
10.100.252.97:9100,1715936141.472,33.599145937611105
10.100.252.97:9100,1715936142.472,33.599145937611105
10.100.252.97:9100,1715936143.472,33.957169050824305
10.100.252.97:9100,1715936144.472,33.957169050824305
10.100.252.97:9100,1715936145.472,33.957169050824305
10.100.252.97:9100,1715936146.472,33.957169050824305
10.100.252.97:9100,1715936147.472,33.957169050824305
10.100.252.97:9100,1715936148.472,33.957169050824305
10.100.252.97:9100,1715936149.472,33.957169050824305
10.100.252.97:9100,1715936150.472,33.957169050824305
10.100.252.97:9100,1715936151.472,33.957169050824305
10.100.252.97:9100,1715936152.472,33.957169050824305
10.100.252.97:9100,1715936153.472,33.957169050824305
10.100.252.97:9100,1715936154.472,33.957169050824305
10.100.252.97:9100,1715936155.472,33.957169050824305
10.100.252.97:9100,1715936156.472,33.957169050824305
10.100.252.97:9100,1715936157.472,33.957169050824305
10.100.252.97:9100,1715936158.472,33.957169050824305
10.100.252.97:9100,1715936159.472,33.957169050824305
10.100.252.97:9100,1715936160.472,33.957169050824305
10.100.252.97:9100,1715936161.472,33.957169050824305
10.100.252.97:9100,1715936162.472,33.957169050824305
10.100.252.97:9100,1715936163.472,33.957169050824305
10.100.252.97:9100,1715936164.472,33.957169050824305
10.100.252.97:9100,1715936165.472,33.957169050824305
10.100.252.97:9100,1715936166.472,33.957169050824305
10.100.252.97:9100,1715936167.472,33.957169050824305
10.100.252.97:9100,1715936168.472,33.957169050824305
10.100.252.97:9100,1715936169.472,33.957169050824305
10.100.252.97:9100,1715936170.472,33.957169050824305
10.100.252.97:9100,1715936171.472,33.957169050824305
10.100.252.97:9100,1715936172.472,33.957169050824305
10.100.252.97:9100,1715936173.472,34.00450599801065
10.100.252.97:9100,1715936174.472,34.00450599801065
10.100.252.97:9100,1715936175.472,34.00450599801065
10.100.252.97:9100,1715936176.472,34.00450599801065
10.100.252.97:9100,1715936177.472,34.00450599801065
10.100.252.97:9100,1715936178.472,34.00450599801065
10.100.252.97:9100,1715936179.472,34.00450599801065
10.100.252.97:9100,1715936180.472,34.00450599801065
10.100.252.97:9100,1715936181.472,34.00450599801065
10.100.252.97:9100,1715936182.472,34.00450599801065
10.100.252.97:9100,1715936183.472,34.00450599801065
10.100.252.97:9100,1715936184.472,34.00450599801065
10.100.252.97:9100,1715936185.472,34.00450599801065
10.100.252.97:9100,1715936186.472,34.00450599801065
10.100.252.97:9100,1715936187.472,34.00450599801065
10.100.252.97:9100,1715936188.472,34.00450599801065
10.100.252.97:9100,1715936189.472,34.00450599801065
10.100.252.97:9100,1715936190.472,34.00450599801065
10.100.252.97:9100,1715936191.472,34.00450599801065
10.100.252.97:9100,1715936192.472,34.00450599801065
10.100.252.97:9100,1715936193.472,34.00450599801065
10.100.252.97:9100,1715936194.472,34.00450599801065
10.100.252.97:9100,1715936195.472,34.00450599801065
10.100.252.97:9100,1715936196.472,34.00450599801065
10.100.252.97:9100,1715936197.472,34.00450599801065
10.100.252.97:9100,1715936198.472,34.00450599801065
10.100.252.97:9100,1715936199.472,34.00450599801065
10.100.252.97:9100,1715936200.472,34.00450599801065
10.100.252.97:9100,1715936201.472,34.00450599801065
10.100.252.97:9100,1715936202.472,34.00450599801065
10.100.252.97:9100,1715936203.472,32.844551057990756
10.100.252.97:9100,1715936204.472,32.844551057990756
10.100.252.97:9100,1715936205.472,32.844551057990756
10.100.252.97:9100,1715936206.472,32.844551057990756
10.100.252.97:9100,1715936207.472,32.844551057990756
10.100.252.97:9100,1715936208.472,32.844551057990756
10.100.252.97:9100,1715936209.472,32.844551057990756
10.100.252.97:9100,1715936210.472,32.844551057990756
10.100.252.97:9100,1715936211.472,32.844551057990756
10.100.252.97:9100,1715936212.472,32.844551057990756
10.100.252.97:9100,1715936213.472,32.844551057990756
10.100.252.97:9100,1715936214.472,32.844551057990756
10.100.252.97:9100,1715936215.472,32.844551057990756
10.100.252.97:9100,1715936216.472,32.844551057990756
10.100.252.97:9100,1715936217.472,32.844551057990756
10.100.252.97:9100,1715936218.472,32.844551057990756
10.100.252.97:9100,1715936219.472,32.844551057990756
10.100.252.97:9100,1715936220.472,32.844551057990756
10.100.252.97:9100,1715936221.472,32.844551057990756
10.100.252.97:9100,1715936222.472,32.844551057990756
10.100.252.97:9100,1715936223.472,32.844551057990756
10.100.252.97:9100,1715936224.472,32.844551057990756
10.100.252.97:9100,1715936225.472,32.844551057990756
10.100.252.97:9100,1715936226.472,32.844551057990756
10.100.252.97:9100,1715936227.472,32.844551057990756
10.100.252.97:9100,1715936228.472,32.844551057990756
10.100.252.97:9100,1715936229.472,32.844551057990756
10.100.252.97:9100,1715936230.472,32.844551057990756
10.100.252.97:9100,1715936231.472,32.844551057990756
10.100.252.97:9100,1715936232.472,32.844551057990756
10.100.252.97:9100,1715936233.472,32.44877822740111
10.100.252.97:9100,1715936234.472,32.44877822740111
10.100.252.97:9100,1715936235.472,32.44877822740111
10.100.252.97:9100,1715936236.472,32.44877822740111
10.100.252.97:9100,1715936237.472,32.44877822740111
10.100.252.97:9100,1715936238.472,32.44877822740111
10.100.252.97:9100,1715936239.472,32.44877822740111
10.100.252.97:9100,1715936240.472,32.44877822740111
10.100.252.97:9100,1715936241.472,32.44877822740111
10.100.252.97:9100,1715936242.472,32.44877822740111
10.100.252.97:9100,1715936243.472,32.44877822740111
10.100.252.97:9100,1715936244.472,32.44877822740111
10.100.252.97:9100,1715936245.472,32.44877822740111
10.100.252.97:9100,1715936246.472,32.44877822740111
10.100.252.97:9100,1715936247.472,32.44877822740111
10.100.252.97:9100,1715936248.472,32.44877822740111
10.100.252.97:9100,1715936249.472,32.44877822740111
10.100.252.97:9100,1715936250.472,32.44877822740111
10.100.252.97:9100,1715936251.472,32.44877822740111
10.100.252.97:9100,1715936252.472,32.44877822740111
10.100.252.97:9100,1715936253.472,32.44877822740111
10.100.252.97:9100,1715936254.472,32.44877822740111
10.100.252.97:9100,1715936255.472,32.44877822740111
10.100.252.97:9100,1715936256.472,32.44877822740111
10.100.252.97:9100,1715936257.472,32.44877822740111
10.100.252.97:9100,1715936258.472,32.44877822740111
10.100.252.97:9100,1715936259.472,32.44877822740111
10.100.252.97:9100,1715936260.472,32.44877822740111
10.100.252.97:9100,1715936261.472,32.44877822740111
10.100.252.97:9100,1715936262.472,32.44877822740111
10.100.252.97:9100,1715936263.472,32.44738008972049
10.100.252.97:9100,1715936264.472,32.44738008972049
10.100.252.97:9100,1715936265.472,32.44738008972049
10.100.252.97:9100,1715936266.472,32.44738008972049
10.100.252.97:9100,1715936267.472,32.44738008972049
10.100.252.97:9100,1715936268.472,32.44738008972049
10.100.252.97:9100,1715936269.472,32.44738008972049
10.100.252.97:9100,1715936270.472,32.44738008972049
10.100.252.97:9100,1715936271.472,32.44738008972049
10.100.252.97:9100,1715936272.472,32.44738008972049
10.100.252.97:9100,1715936273.472,32.44738008972049
10.100.252.97:9100,1715936274.472,32.44738008972049
10.100.252.97:9100,1715936275.472,32.44738008972049
10.100.252.97:9100,1715936276.472,32.44738008972049
10.100.252.97:9100,1715936277.472,32.44738008972049
10.100.252.97:9100,1715936278.472,32.44738008972049
10.100.252.97:9100,1715936279.472,32.44738008972049
10.100.252.97:9100,1715936280.472,32.44738008972049
10.100.252.97:9100,1715936281.472,32.44738008972049
10.100.252.97:9100,1715936282.472,32.44738008972049
10.100.252.97:9100,1715936283.472,32.44738008972049
10.100.252.97:9100,1715936284.472,32.44738008972049
10.100.252.97:9100,1715936285.472,32.44738008972049
10.100.252.97:9100,1715936286.472,32.44738008972049
10.100.252.97:9100,1715936287.472,32.44738008972049
10.100.252.97:9100,1715936288.472,32.44738008972049
10.100.252.97:9100,1715936289.472,32.44738008972049
10.100.252.97:9100,1715936290.472,32.44738008972049
10.100.252.97:9100,1715936291.472,32.44738008972049
10.100.252.97:9100,1715936292.472,32.44738008972049
10.100.252.97:9100,1715936293.472,32.40293928487255
10.100.252.97:9100,1715936294.472,32.40293928487255
10.100.252.97:9100,1715936295.472,32.40293928487255
10.100.252.97:9100,1715936296.472,32.40293928487255
10.100.252.97:9100,1715936297.472,32.40293928487255
10.100.252.97:9100,1715936298.472,32.40293928487255
10.100.252.97:9100,1715936299.472,32.40293928487255
10.100.252.97:9100,1715936300.472,32.40293928487255
10.100.252.97:9100,1715936301.472,32.40293928487255
10.100.252.97:9100,1715936302.472,32.40293928487255
10.100.252.97:9100,1715936303.472,32.40293928487255
10.100.252.97:9100,1715936304.472,32.40293928487255
10.100.252.97:9100,1715936305.472,32.40293928487255
10.100.252.97:9100,1715936306.472,32.40293928487255
10.100.252.97:9100,1715936307.472,32.40293928487255
10.100.252.97:9100,1715936308.472,32.40293928487255
10.100.252.97:9100,1715936309.472,32.40293928487255
10.100.252.97:9100,1715936310.472,32.40293928487255
10.100.252.97:9100,1715936311.472,32.40293928487255
10.100.252.97:9100,1715936312.472,32.40293928487255
10.100.252.97:9100,1715936313.472,32.40293928487255
10.100.252.97:9100,1715936314.472,32.40293928487255
10.100.252.97:9100,1715936315.472,32.40293928487255
10.100.252.97:9100,1715936316.472,32.40293928487255
10.100.252.97:9100,1715936317.472,32.40293928487255
10.100.252.97:9100,1715936318.472,32.40293928487255
10.100.252.97:9100,1715936319.472,32.40293928487255
10.100.252.97:9100,1715936320.472,32.40293928487255
10.100.252.97:9100,1715936321.472,32.40293928487255
10.100.252.97:9100,1715936322.472,32.40293928487255
10.100.252.97:9100,1715936323.472,32.35650114048088
10.100.252.97:9100,1715936324.472,32.35650114048088
10.100.252.97:9100,1715936325.472,32.35650114048088
10.100.252.97:9100,1715936326.472,32.35650114048088
10.100.252.97:9100,1715936327.472,32.35650114048088
10.100.252.97:9100,1715936328.472,32.35650114048088
10.100.252.97:9100,1715936329.472,32.35650114048088
10.100.252.97:9100,1715936330.472,32.35650114048088
10.100.252.97:9100,1715936331.472,32.35650114048088
10.100.252.97:9100,1715936332.472,32.35650114048088
10.100.252.97:9100,1715936333.472,32.35650114048088
10.100.252.97:9100,1715936334.472,32.35650114048088
10.100.252.97:9100,1715936335.472,32.35650114048088
10.100.252.97:9100,1715936336.472,32.35650114048088
10.100.252.97:9100,1715936337.472,32.35650114048088
10.100.252.97:9100,1715936338.472,32.35650114048088
10.100.252.97:9100,1715936339.472,32.35650114048088
10.100.252.97:9100,1715936340.472,32.35650114048088
10.100.252.97:9100,1715936341.472,32.35650114048088
10.100.252.97:9100,1715936342.472,32.35650114048088
10.100.252.97:9100,1715936343.472,32.35650114048088
10.100.252.97:9100,1715936344.472,32.35650114048088
10.100.252.97:9100,1715936345.472,32.35650114048088
10.100.252.97:9100,1715936346.472,32.35650114048088
10.100.252.97:9100,1715936347.472,32.35650114048088
10.100.252.97:9100,1715936348.472,32.35650114048088
10.100.252.97:9100,1715936349.472,32.35650114048088
10.100.252.97:9100,1715936350.472,32.35650114048088
10.100.252.97:9100,1715936351.472,32.35650114048088
10.100.252.97:9100,1715936352.472,32.35650114048088
10.100.252.97:9100,1715936353.472,32.487426747572236
10.100.252.97:9100,1715936354.472,32.487426747572236
10.100.252.97:9100,1715936355.472,32.487426747572236
10.100.252.97:9100,1715936356.472,32.487426747572236
10.100.252.97:9100,1715936357.472,32.487426747572236
10.100.252.97:9100,1715936358.472,32.487426747572236
10.100.252.97:9100,1715936359.472,32.487426747572236
10.100.252.97:9100,1715936360.472,32.487426747572236
10.100.252.97:9100,1715936361.472,32.487426747572236
10.100.252.97:9100,1715936362.472,32.487426747572236
10.100.252.97:9100,1715936363.472,32.487426747572236
10.100.252.97:9100,1715936364.472,32.487426747572236
10.100.252.97:9100,1715936365.472,32.487426747572236
10.100.252.97:9100,1715936366.472,32.487426747572236
10.100.252.97:9100,1715936367.472,32.487426747572236
10.100.252.97:9100,1715936368.472,32.487426747572236
10.100.252.97:9100,1715936369.472,32.487426747572236
10.100.252.97:9100,1715936370.472,32.487426747572236
10.100.252.97:9100,1715936371.472,32.487426747572236
10.100.252.97:9100,1715936372.472,32.487426747572236
10.100.252.97:9100,1715936373.472,32.487426747572236
10.100.252.97:9100,1715936374.472,32.487426747572236
10.100.252.97:9100,1715936375.472,32.487426747572236
10.100.252.97:9100,1715936376.472,32.487426747572236
10.100.252.97:9100,1715936377.472,32.487426747572236
10.100.252.97:9100,1715936378.472,32.487426747572236
10.100.252.97:9100,1715936379.472,32.487426747572236
10.100.252.97:9100,1715936380.472,32.487426747572236
10.100.252.97:9100,1715936381.472,32.487426747572236
10.100.252.97:9100,1715936382.472,32.487426747572236
10.100.252.97:9100,1715936383.472,32.359497149796475
10.100.252.97:9100,1715936384.472,32.359497149796475
10.100.252.97:9100,1715936385.472,32.359497149796475
10.100.252.97:9100,1715936386.472,32.359497149796475
10.100.252.97:9100,1715936387.472,32.359497149796475
10.100.252.97:9100,1715936388.472,32.359497149796475
10.100.252.97:9100,1715936389.472,32.359497149796475
10.100.252.97:9100,1715936390.472,32.359497149796475
10.100.253.5:9100,1715936090.472,16.943131748510982
10.100.253.5:9100,1715936091.472,16.943131748510982
10.100.253.5:9100,1715936092.472,16.943131748510982
10.100.253.5:9100,1715936093.472,16.943131748510982
10.100.253.5:9100,1715936094.472,16.943131748510982
10.100.253.5:9100,1715936095.472,16.943131748510982
10.100.253.5:9100,1715936096.472,16.943131748510982
10.100.253.5:9100,1715936097.472,16.943131748510982
10.100.253.5:9100,1715936098.472,16.943131748510982
10.100.253.5:9100,1715936099.472,16.943131748510982
10.100.253.5:9100,1715936100.472,16.943131748510982
10.100.253.5:9100,1715936101.472,16.943131748510982
10.100.253.5:9100,1715936102.472,16.943131748510982
10.100.253.5:9100,1715936103.472,16.943131748510982
10.100.253.5:9100,1715936104.472,16.943131748510982
10.100.253.5:9100,1715936105.472,16.943131748510982
10.100.253.5:9100,1715936106.472,16.943131748510982
10.100.253.5:9100,1715936107.472,16.943131748510982
10.100.253.5:9100,1715936108.472,16.943131748510982
10.100.253.5:9100,1715936109.472,16.943131748510982
10.100.253.5:9100,1715936110.472,16.943131748510982
10.100.253.5:9100,1715936111.472,16.943131748510982
10.100.253.5:9100,1715936112.472,16.943131748510982
10.100.253.5:9100,1715936113.472,16.943131748510982
10.100.253.5:9100,1715936114.472,16.943131748510982
10.100.253.5:9100,1715936115.472,16.566533377541116
10.100.253.5:9100,1715936116.472,16.566533377541116
10.100.253.5:9100,1715936117.472,16.566533377541116
10.100.253.5:9100,1715936118.472,16.566533377541116
10.100.253.5:9100,1715936119.472,16.566533377541116
10.100.253.5:9100,1715936120.472,16.566533377541116
10.100.253.5:9100,1715936121.472,16.566533377541116
10.100.253.5:9100,1715936122.472,16.566533377541116
10.100.253.5:9100,1715936123.472,16.566533377541116
10.100.253.5:9100,1715936124.472,16.566533377541116
10.100.253.5:9100,1715936125.472,16.566533377541116
10.100.253.5:9100,1715936126.472,16.566533377541116
10.100.253.5:9100,1715936127.472,16.566533377541116
10.100.253.5:9100,1715936128.472,16.566533377541116
10.100.253.5:9100,1715936129.472,16.566533377541116
10.100.253.5:9100,1715936130.472,16.566533377541116
10.100.253.5:9100,1715936131.472,16.566533377541116
10.100.253.5:9100,1715936132.472,16.566533377541116
10.100.253.5:9100,1715936133.472,16.566533377541116
10.100.253.5:9100,1715936134.472,16.566533377541116
10.100.253.5:9100,1715936135.472,16.566533377541116
10.100.253.5:9100,1715936136.472,16.566533377541116
10.100.253.5:9100,1715936137.472,16.566533377541116
10.100.253.5:9100,1715936138.472,16.566533377541116
10.100.253.5:9100,1715936139.472,16.566533377541116
10.100.253.5:9100,1715936140.472,16.566533377541116
10.100.253.5:9100,1715936141.472,16.566533377541116
10.100.253.5:9100,1715936142.472,16.566533377541116
10.100.253.5:9100,1715936143.472,16.566533377541116
10.100.253.5:9100,1715936144.472,16.566533377541116
10.100.253.5:9100,1715936145.472,16.70934315491765
10.100.253.5:9100,1715936146.472,16.70934315491765
10.100.253.5:9100,1715936147.472,16.70934315491765
10.100.253.5:9100,1715936148.472,16.70934315491765
10.100.253.5:9100,1715936149.472,16.70934315491765
10.100.253.5:9100,1715936150.472,16.70934315491765
10.100.253.5:9100,1715936151.472,16.70934315491765
10.100.253.5:9100,1715936152.472,16.70934315491765
10.100.253.5:9100,1715936153.472,16.70934315491765
10.100.253.5:9100,1715936154.472,16.70934315491765
10.100.253.5:9100,1715936155.472,16.70934315491765
10.100.253.5:9100,1715936156.472,16.70934315491765
10.100.253.5:9100,1715936157.472,16.70934315491765
10.100.253.5:9100,1715936158.472,16.70934315491765
10.100.253.5:9100,1715936159.472,16.70934315491765
10.100.253.5:9100,1715936160.472,16.70934315491765
10.100.253.5:9100,1715936161.472,16.70934315491765
10.100.253.5:9100,1715936162.472,16.70934315491765
10.100.253.5:9100,1715936163.472,16.70934315491765
10.100.253.5:9100,1715936164.472,16.70934315491765
10.100.253.5:9100,1715936165.472,16.70934315491765
10.100.253.5:9100,1715936166.472,16.70934315491765
10.100.253.5:9100,1715936167.472,16.70934315491765
10.100.253.5:9100,1715936168.472,16.70934315491765
10.100.253.5:9100,1715936169.472,16.70934315491765
10.100.253.5:9100,1715936170.472,16.70934315491765
10.100.253.5:9100,1715936171.472,16.70934315491765
10.100.253.5:9100,1715936172.472,16.70934315491765
10.100.253.5:9100,1715936173.472,16.70934315491765
10.100.253.5:9100,1715936174.472,16.70934315491765
10.100.253.5:9100,1715936175.472,16.39606044748395
10.100.253.5:9100,1715936176.472,16.39606044748395
10.100.253.5:9100,1715936177.472,16.39606044748395
10.100.253.5:9100,1715936178.472,16.39606044748395
10.100.253.5:9100,1715936179.472,16.39606044748395
10.100.253.5:9100,1715936180.472,16.39606044748395
10.100.253.5:9100,1715936181.472,16.39606044748395
10.100.253.5:9100,1715936182.472,16.39606044748395
10.100.253.5:9100,1715936183.472,16.39606044748395
10.100.253.5:9100,1715936184.472,16.39606044748395
10.100.253.5:9100,1715936185.472,16.39606044748395
10.100.253.5:9100,1715936186.472,16.39606044748395
10.100.253.5:9100,1715936187.472,16.39606044748395
10.100.253.5:9100,1715936188.472,16.39606044748395
10.100.253.5:9100,1715936189.472,16.39606044748395
10.100.253.5:9100,1715936190.472,16.39606044748395
10.100.253.5:9100,1715936191.472,16.39606044748395
10.100.253.5:9100,1715936192.472,16.39606044748395
10.100.253.5:9100,1715936193.472,16.39606044748395
10.100.253.5:9100,1715936194.472,16.39606044748395
10.100.253.5:9100,1715936195.472,16.39606044748395
10.100.253.5:9100,1715936196.472,16.39606044748395
10.100.253.5:9100,1715936197.472,16.39606044748395
10.100.253.5:9100,1715936198.472,16.39606044748395
10.100.253.5:9100,1715936199.472,16.39606044748395
10.100.253.5:9100,1715936200.472,16.39606044748395
10.100.253.5:9100,1715936201.472,16.39606044748395
10.100.253.5:9100,1715936202.472,16.39606044748395
10.100.253.5:9100,1715936203.472,16.39606044748395
10.100.253.5:9100,1715936204.472,16.39606044748395
10.100.253.5:9100,1715936205.472,16.652019510012664
10.100.253.5:9100,1715936206.472,16.652019510012664
10.100.253.5:9100,1715936207.472,16.652019510012664
10.100.253.5:9100,1715936208.472,16.652019510012664
10.100.253.5:9100,1715936209.472,16.652019510012664
10.100.253.5:9100,1715936210.472,16.652019510012664
10.100.253.5:9100,1715936211.472,16.652019510012664
10.100.253.5:9100,1715936212.472,16.652019510012664
10.100.253.5:9100,1715936213.472,16.652019510012664
10.100.253.5:9100,1715936214.472,16.652019510012664
10.100.253.5:9100,1715936215.472,16.652019510012664
10.100.253.5:9100,1715936216.472,16.652019510012664
10.100.253.5:9100,1715936217.472,16.652019510012664
10.100.253.5:9100,1715936218.472,16.652019510012664
10.100.253.5:9100,1715936219.472,16.652019510012664
10.100.253.5:9100,1715936220.472,16.652019510012664
10.100.253.5:9100,1715936221.472,16.652019510012664
10.100.253.5:9100,1715936222.472,16.652019510012664
10.100.253.5:9100,1715936223.472,16.652019510012664
10.100.253.5:9100,1715936224.472,16.652019510012664
10.100.253.5:9100,1715936225.472,16.652019510012664
10.100.253.5:9100,1715936226.472,16.652019510012664
10.100.253.5:9100,1715936227.472,16.652019510012664
10.100.253.5:9100,1715936228.472,16.652019510012664
10.100.253.5:9100,1715936229.472,16.652019510012664
10.100.253.5:9100,1715936230.472,16.652019510012664
10.100.253.5:9100,1715936231.472,16.652019510012664
10.100.253.5:9100,1715936232.472,16.652019510012664
10.100.253.5:9100,1715936233.472,16.652019510012664
10.100.253.5:9100,1715936234.472,16.652019510012664
10.100.253.5:9100,1715936235.472,16.661906340754115
10.100.253.5:9100,1715936236.472,16.661906340754115
10.100.253.5:9100,1715936237.472,16.661906340754115
10.100.253.5:9100,1715936238.472,16.661906340754115
10.100.253.5:9100,1715936239.472,16.661906340754115
10.100.253.5:9100,1715936240.472,16.661906340754115
10.100.253.5:9100,1715936241.472,16.661906340754115
10.100.253.5:9100,1715936242.472,16.661906340754115
10.100.253.5:9100,1715936243.472,16.661906340754115
10.100.253.5:9100,1715936244.472,16.661906340754115
10.100.253.5:9100,1715936245.472,16.661906340754115
10.100.253.5:9100,1715936246.472,16.661906340754115
10.100.253.5:9100,1715936247.472,16.661906340754115
10.100.253.5:9100,1715936248.472,16.661906340754115
10.100.253.5:9100,1715936249.472,16.661906340754115
10.100.253.5:9100,1715936250.472,16.661906340754115
10.100.253.5:9100,1715936251.472,16.661906340754115
10.100.253.5:9100,1715936252.472,16.661906340754115
10.100.253.5:9100,1715936253.472,16.661906340754115
10.100.253.5:9100,1715936254.472,16.661906340754115
10.100.253.5:9100,1715936255.472,16.661906340754115
10.100.253.5:9100,1715936256.472,16.661906340754115
10.100.253.5:9100,1715936257.472,16.661906340754115
10.100.253.5:9100,1715936258.472,16.661906340754115
10.100.253.5:9100,1715936259.472,16.661906340754115
10.100.253.5:9100,1715936260.472,16.661906340754115
10.100.253.5:9100,1715936261.472,16.661906340754115
10.100.253.5:9100,1715936262.472,16.661906340754115
10.100.253.5:9100,1715936263.472,16.661906340754115
10.100.253.5:9100,1715936264.472,16.661906340754115
10.100.253.5:9100,1715936265.472,16.514802283358566
10.100.253.5:9100,1715936266.472,16.514802283358566
10.100.253.5:9100,1715936267.472,16.514802283358566
10.100.253.5:9100,1715936268.472,16.514802283358566
10.100.253.5:9100,1715936269.472,16.514802283358566
10.100.253.5:9100,1715936270.472,16.514802283358566
10.100.253.5:9100,1715936271.472,16.514802283358566
10.100.253.5:9100,1715936272.472,16.514802283358566
10.100.253.5:9100,1715936273.472,16.514802283358566
10.100.253.5:9100,1715936274.472,16.514802283358566
10.100.253.5:9100,1715936275.472,16.514802283358566
10.100.253.5:9100,1715936276.472,16.514802283358566
10.100.253.5:9100,1715936277.472,16.514802283358566
10.100.253.5:9100,1715936278.472,16.514802283358566
10.100.253.5:9100,1715936279.472,16.514802283358566
10.100.253.5:9100,1715936280.472,16.514802283358566
10.100.253.5:9100,1715936281.472,16.514802283358566
10.100.253.5:9100,1715936282.472,16.514802283358566
10.100.253.5:9100,1715936283.472,16.514802283358566
10.100.253.5:9100,1715936284.472,16.514802283358566
10.100.253.5:9100,1715936285.472,16.514802283358566
10.100.253.5:9100,1715936286.472,16.514802283358566
10.100.253.5:9100,1715936287.472,16.514802283358566
10.100.253.5:9100,1715936288.472,16.514802283358566
10.100.253.5:9100,1715936289.472,16.514802283358566
10.100.253.5:9100,1715936290.472,16.514802283358566
10.100.253.5:9100,1715936291.472,16.514802283358566
10.100.253.5:9100,1715936292.472,16.514802283358566
10.100.253.5:9100,1715936293.472,16.514802283358566
10.100.253.5:9100,1715936294.472,16.514802283358566
10.100.253.5:9100,1715936295.472,16.75098768440437
10.100.253.5:9100,1715936296.472,16.75098768440437
10.100.253.5:9100,1715936297.472,16.75098768440437
10.100.253.5:9100,1715936298.472,16.75098768440437
10.100.253.5:9100,1715936299.472,16.75098768440437
10.100.253.5:9100,1715936300.472,16.75098768440437
10.100.253.5:9100,1715936301.472,16.75098768440437
10.100.253.5:9100,1715936302.472,16.75098768440437
10.100.253.5:9100,1715936303.472,16.75098768440437
10.100.253.5:9100,1715936304.472,16.75098768440437
10.100.253.5:9100,1715936305.472,16.75098768440437
10.100.253.5:9100,1715936306.472,16.75098768440437
10.100.253.5:9100,1715936307.472,16.75098768440437
10.100.253.5:9100,1715936308.472,16.75098768440437
10.100.253.5:9100,1715936309.472,16.75098768440437
10.100.253.5:9100,1715936310.472,16.75098768440437
10.100.253.5:9100,1715936311.472,16.75098768440437
10.100.253.5:9100,1715936312.472,16.75098768440437
10.100.253.5:9100,1715936313.472,16.75098768440437
10.100.253.5:9100,1715936314.472,16.75098768440437
10.100.253.5:9100,1715936315.472,16.75098768440437
10.100.253.5:9100,1715936316.472,16.75098768440437
10.100.253.5:9100,1715936317.472,16.75098768440437
10.100.253.5:9100,1715936318.472,16.75098768440437
10.100.253.5:9100,1715936319.472,16.75098768440437
10.100.253.5:9100,1715936320.472,16.75098768440437
10.100.253.5:9100,1715936321.472,16.75098768440437
10.100.253.5:9100,1715936322.472,16.75098768440437
10.100.253.5:9100,1715936323.472,16.75098768440437
10.100.253.5:9100,1715936324.472,16.75098768440437
10.100.253.5:9100,1715936325.472,16.48574099299733
10.100.253.5:9100,1715936326.472,16.48574099299733
10.100.253.5:9100,1715936327.472,16.48574099299733
10.100.253.5:9100,1715936328.472,16.48574099299733
10.100.253.5:9100,1715936329.472,16.48574099299733
10.100.253.5:9100,1715936330.472,16.48574099299733
10.100.253.5:9100,1715936331.472,16.48574099299733
10.100.253.5:9100,1715936332.472,16.48574099299733
10.100.253.5:9100,1715936333.472,16.48574099299733
10.100.253.5:9100,1715936334.472,16.48574099299733
10.100.253.5:9100,1715936335.472,16.48574099299733
10.100.253.5:9100,1715936336.472,16.48574099299733
10.100.253.5:9100,1715936337.472,16.48574099299733
10.100.253.5:9100,1715936338.472,16.48574099299733
10.100.253.5:9100,1715936339.472,16.48574099299733
10.100.253.5:9100,1715936340.472,16.48574099299733
10.100.253.5:9100,1715936341.472,16.48574099299733
10.100.253.5:9100,1715936342.472,16.48574099299733
10.100.253.5:9100,1715936343.472,16.48574099299733
10.100.253.5:9100,1715936344.472,16.48574099299733
10.100.253.5:9100,1715936345.472,16.48574099299733
10.100.253.5:9100,1715936346.472,16.48574099299733
10.100.253.5:9100,1715936347.472,16.48574099299733
10.100.253.5:9100,1715936348.472,16.48574099299733
10.100.253.5:9100,1715936349.472,16.48574099299733
10.100.253.5:9100,1715936350.472,16.48574099299733
10.100.253.5:9100,1715936351.472,16.48574099299733
10.100.253.5:9100,1715936352.472,16.48574099299733
10.100.253.5:9100,1715936353.472,16.48574099299733
10.100.253.5:9100,1715936354.472,16.48574099299733
10.100.253.5:9100,1715936355.472,16.445095133282468
10.100.253.5:9100,1715936356.472,16.445095133282468
10.100.253.5:9100,1715936357.472,16.445095133282468
10.100.253.5:9100,1715936358.472,16.445095133282468
10.100.253.5:9100,1715936359.472,16.445095133282468
10.100.253.5:9100,1715936360.472,16.445095133282468
10.100.253.5:9100,1715936361.472,16.445095133282468
10.100.253.5:9100,1715936362.472,16.445095133282468
10.100.253.5:9100,1715936363.472,16.445095133282468
10.100.253.5:9100,1715936364.472,16.445095133282468
10.100.253.5:9100,1715936365.472,16.445095133282468
10.100.253.5:9100,1715936366.472,16.445095133282468
10.100.253.5:9100,1715936367.472,16.445095133282468
10.100.253.5:9100,1715936368.472,16.445095133282468
10.100.253.5:9100,1715936369.472,16.445095133282468
10.100.253.5:9100,1715936370.472,16.445095133282468
10.100.253.5:9100,1715936371.472,16.445095133282468
10.100.253.5:9100,1715936372.472,16.445095133282468
10.100.253.5:9100,1715936373.472,16.445095133282468
10.100.253.5:9100,1715936374.472,16.445095133282468
10.100.253.5:9100,1715936375.472,16.445095133282468
10.100.253.5:9100,1715936376.472,16.445095133282468
10.100.253.5:9100,1715936377.472,16.445095133282468
10.100.253.5:9100,1715936378.472,16.445095133282468
10.100.253.5:9100,1715936379.472,16.445095133282468
10.100.253.5:9100,1715936380.472,16.445095133282468
10.100.253.5:9100,1715936381.472,16.445095133282468
10.100.253.5:9100,1715936382.472,16.445095133282468
10.100.253.5:9100,1715936383.472,16.445095133282468
10.100.253.5:9100,1715936384.472,16.445095133282468
10.100.253.5:9100,1715936385.472,16.550754395145667
10.100.253.5:9100,1715936386.472,16.550754395145667
10.100.253.5:9100,1715936387.472,16.550754395145667
10.100.253.5:9100,1715936388.472,16.550754395145667
10.100.253.5:9100,1715936389.472,16.550754395145667
10.100.253.5:9100,1715936390.472,16.550754395145667
10.100.253.64:9100,1715936090.472,25.8282967087839
10.100.253.64:9100,1715936091.472,25.8282967087839
10.100.253.64:9100,1715936092.472,25.8282967087839
10.100.253.64:9100,1715936093.472,25.8282967087839
10.100.253.64:9100,1715936094.472,25.8282967087839
10.100.253.64:9100,1715936095.472,25.8282967087839
10.100.253.64:9100,1715936096.472,25.8282967087839
10.100.253.64:9100,1715936097.472,25.8282967087839
10.100.253.64:9100,1715936098.472,25.8282967087839
10.100.253.64:9100,1715936099.472,25.8282967087839
10.100.253.64:9100,1715936100.472,25.8282967087839
10.100.253.64:9100,1715936101.472,25.8282967087839
10.100.253.64:9100,1715936102.472,25.8282967087839
10.100.253.64:9100,1715936103.472,25.8282967087839
10.100.253.64:9100,1715936104.472,25.691778550970106
10.100.253.64:9100,1715936105.472,25.691778550970106
10.100.253.64:9100,1715936106.472,25.691778550970106
10.100.253.64:9100,1715936107.472,25.691778550970106
10.100.253.64:9100,1715936108.472,25.691778550970106
10.100.253.64:9100,1715936109.472,25.691778550970106
10.100.253.64:9100,1715936110.472,25.691778550970106
10.100.253.64:9100,1715936111.472,25.691778550970106
10.100.253.64:9100,1715936112.472,25.691778550970106
10.100.253.64:9100,1715936113.472,25.691778550970106
10.100.253.64:9100,1715936114.472,25.691778550970106
10.100.253.64:9100,1715936115.472,25.691778550970106
10.100.253.64:9100,1715936116.472,25.691778550970106
10.100.253.64:9100,1715936117.472,25.691778550970106
10.100.253.64:9100,1715936118.472,25.691778550970106
10.100.253.64:9100,1715936119.472,25.691778550970106
10.100.253.64:9100,1715936120.472,25.691778550970106
10.100.253.64:9100,1715936121.472,25.691778550970106
10.100.253.64:9100,1715936122.472,25.691778550970106
10.100.253.64:9100,1715936123.472,25.691778550970106
10.100.253.64:9100,1715936124.472,25.691778550970106
10.100.253.64:9100,1715936125.472,25.691778550970106
10.100.253.64:9100,1715936126.472,25.691778550970106
10.100.253.64:9100,1715936127.472,25.691778550970106
10.100.253.64:9100,1715936128.472,25.691778550970106
10.100.253.64:9100,1715936129.472,25.691778550970106
10.100.253.64:9100,1715936130.472,25.691778550970106
10.100.253.64:9100,1715936131.472,25.691778550970106
10.100.253.64:9100,1715936132.472,25.691778550970106
10.100.253.64:9100,1715936133.472,25.691778550970106
10.100.253.64:9100,1715936134.472,25.663116728517615
10.100.253.64:9100,1715936135.472,25.663116728517615
10.100.253.64:9100,1715936136.472,25.663116728517615
10.100.253.64:9100,1715936137.472,25.663116728517615
10.100.253.64:9100,1715936138.472,25.663116728517615
10.100.253.64:9100,1715936139.472,25.663116728517615
10.100.253.64:9100,1715936140.472,25.663116728517615
10.100.253.64:9100,1715936141.472,25.663116728517615
10.100.253.64:9100,1715936142.472,25.663116728517615
10.100.253.64:9100,1715936143.472,25.663116728517615
10.100.253.64:9100,1715936144.472,25.663116728517615
10.100.253.64:9100,1715936145.472,25.663116728517615
10.100.253.64:9100,1715936146.472,25.663116728517615
10.100.253.64:9100,1715936147.472,25.663116728517615
10.100.253.64:9100,1715936148.472,25.663116728517615
10.100.253.64:9100,1715936149.472,25.663116728517615
10.100.253.64:9100,1715936150.472,25.663116728517615
10.100.253.64:9100,1715936151.472,25.663116728517615
10.100.253.64:9100,1715936152.472,25.663116728517615
10.100.253.64:9100,1715936153.472,25.663116728517615
10.100.253.64:9100,1715936154.472,25.663116728517615
10.100.253.64:9100,1715936155.472,25.663116728517615
10.100.253.64:9100,1715936156.472,25.663116728517615
10.100.253.64:9100,1715936157.472,25.663116728517615
10.100.253.64:9100,1715936158.472,25.663116728517615
10.100.253.64:9100,1715936159.472,25.663116728517615
10.100.253.64:9100,1715936160.472,25.663116728517615
10.100.253.64:9100,1715936161.472,25.663116728517615
10.100.253.64:9100,1715936162.472,25.663116728517615
10.100.253.64:9100,1715936163.472,25.663116728517615
10.100.253.64:9100,1715936164.472,25.902797473764945
10.100.253.64:9100,1715936165.472,25.902797473764945
10.100.253.64:9100,1715936166.472,25.902797473764945
10.100.253.64:9100,1715936167.472,25.902797473764945
10.100.253.64:9100,1715936168.472,25.902797473764945
10.100.253.64:9100,1715936169.472,25.902797473764945
10.100.253.64:9100,1715936170.472,25.902797473764945
10.100.253.64:9100,1715936171.472,25.902797473764945
10.100.253.64:9100,1715936172.472,25.902797473764945
10.100.253.64:9100,1715936173.472,25.902797473764945
10.100.253.64:9100,1715936174.472,25.902797473764945
10.100.253.64:9100,1715936175.472,25.902797473764945
10.100.253.64:9100,1715936176.472,25.902797473764945
10.100.253.64:9100,1715936177.472,25.902797473764945
10.100.253.64:9100,1715936178.472,25.902797473764945
10.100.253.64:9100,1715936179.472,25.902797473764945
10.100.253.64:9100,1715936180.472,25.902797473764945
10.100.253.64:9100,1715936181.472,25.902797473764945
10.100.253.64:9100,1715936182.472,25.902797473764945
10.100.253.64:9100,1715936183.472,25.902797473764945
10.100.253.64:9100,1715936184.472,25.902797473764945
10.100.253.64:9100,1715936185.472,25.902797473764945
10.100.253.64:9100,1715936186.472,25.902797473764945
10.100.253.64:9100,1715936187.472,25.902797473764945
10.100.253.64:9100,1715936188.472,25.902797473764945
10.100.253.64:9100,1715936189.472,25.902797473764945
10.100.253.64:9100,1715936190.472,25.902797473764945
10.100.253.64:9100,1715936191.472,25.902797473764945
10.100.253.64:9100,1715936192.472,25.902797473764945
10.100.253.64:9100,1715936193.472,25.902797473764945
10.100.253.64:9100,1715936194.472,25.880726871806754
10.100.253.64:9100,1715936195.472,25.880726871806754
10.100.253.64:9100,1715936196.472,25.880726871806754
10.100.253.64:9100,1715936197.472,25.880726871806754
10.100.253.64:9100,1715936198.472,25.880726871806754
10.100.253.64:9100,1715936199.472,25.880726871806754
10.100.253.64:9100,1715936200.472,25.880726871806754
10.100.253.64:9100,1715936201.472,25.880726871806754
10.100.253.64:9100,1715936202.472,25.880726871806754
10.100.253.64:9100,1715936203.472,25.880726871806754
10.100.253.64:9100,1715936204.472,25.880726871806754
10.100.253.64:9100,1715936205.472,25.880726871806754
10.100.253.64:9100,1715936206.472,25.880726871806754
10.100.253.64:9100,1715936207.472,25.880726871806754
10.100.253.64:9100,1715936208.472,25.880726871806754
10.100.253.64:9100,1715936209.472,25.880726871806754
10.100.253.64:9100,1715936210.472,25.880726871806754
10.100.253.64:9100,1715936211.472,25.880726871806754
10.100.253.64:9100,1715936212.472,25.880726871806754
10.100.253.64:9100,1715936213.472,25.880726871806754
10.100.253.64:9100,1715936214.472,25.880726871806754
10.100.253.64:9100,1715936215.472,25.880726871806754
10.100.253.64:9100,1715936216.472,25.880726871806754
10.100.253.64:9100,1715936217.472,25.880726871806754
10.100.253.64:9100,1715936218.472,25.880726871806754
10.100.253.64:9100,1715936219.472,25.880726871806754
10.100.253.64:9100,1715936220.472,25.880726871806754
10.100.253.64:9100,1715936221.472,25.880726871806754
10.100.253.64:9100,1715936222.472,25.880726871806754
10.100.253.64:9100,1715936223.472,25.880726871806754
10.100.253.64:9100,1715936224.472,25.886019821597632
10.100.253.64:9100,1715936225.472,25.886019821597632
10.100.253.64:9100,1715936226.472,25.886019821597632
10.100.253.64:9100,1715936227.472,25.886019821597632
10.100.253.64:9100,1715936228.472,25.886019821597632
10.100.253.64:9100,1715936229.472,25.886019821597632
10.100.253.64:9100,1715936230.472,25.886019821597632
10.100.253.64:9100,1715936231.472,25.886019821597632
10.100.253.64:9100,1715936232.472,25.886019821597632
10.100.253.64:9100,1715936233.472,25.886019821597632
10.100.253.64:9100,1715936234.472,25.886019821597632
10.100.253.64:9100,1715936235.472,25.886019821597632
10.100.253.64:9100,1715936236.472,25.886019821597632
10.100.253.64:9100,1715936237.472,25.886019821597632
10.100.253.64:9100,1715936238.472,25.886019821597632
10.100.253.64:9100,1715936239.472,25.886019821597632
10.100.253.64:9100,1715936240.472,25.886019821597632
10.100.253.64:9100,1715936241.472,25.886019821597632
10.100.253.64:9100,1715936242.472,25.886019821597632
10.100.253.64:9100,1715936243.472,25.886019821597632
10.100.253.64:9100,1715936244.472,25.886019821597632
10.100.253.64:9100,1715936245.472,25.886019821597632
10.100.253.64:9100,1715936246.472,25.886019821597632
10.100.253.64:9100,1715936247.472,25.886019821597632
10.100.253.64:9100,1715936248.472,25.886019821597632
10.100.253.64:9100,1715936249.472,25.886019821597632
10.100.253.64:9100,1715936250.472,25.886019821597632
10.100.253.64:9100,1715936251.472,25.886019821597632
10.100.253.64:9100,1715936252.472,25.886019821597632
10.100.253.64:9100,1715936253.472,25.886019821597632
10.100.253.64:9100,1715936254.472,25.508023312947152
10.100.253.64:9100,1715936255.472,25.508023312947152
10.100.253.64:9100,1715936256.472,25.508023312947152
10.100.253.64:9100,1715936257.472,25.508023312947152
10.100.253.64:9100,1715936258.472,25.508023312947152
10.100.253.64:9100,1715936259.472,25.508023312947152
10.100.253.64:9100,1715936260.472,25.508023312947152
10.100.253.64:9100,1715936261.472,25.508023312947152
10.100.253.64:9100,1715936262.472,25.508023312947152
10.100.253.64:9100,1715936263.472,25.508023312947152
10.100.253.64:9100,1715936264.472,25.508023312947152
10.100.253.64:9100,1715936265.472,25.508023312947152
10.100.253.64:9100,1715936266.472,25.508023312947152
10.100.253.64:9100,1715936267.472,25.508023312947152
10.100.253.64:9100,1715936268.472,25.508023312947152
10.100.253.64:9100,1715936269.472,25.508023312947152
10.100.253.64:9100,1715936270.472,25.508023312947152
10.100.253.64:9100,1715936271.472,25.508023312947152
10.100.253.64:9100,1715936272.472,25.508023312947152
10.100.253.64:9100,1715936273.472,25.508023312947152
10.100.253.64:9100,1715936274.472,25.508023312947152
10.100.253.64:9100,1715936275.472,25.508023312947152
10.100.253.64:9100,1715936276.472,25.508023312947152
10.100.253.64:9100,1715936277.472,25.508023312947152
10.100.253.64:9100,1715936278.472,25.508023312947152
10.100.253.64:9100,1715936279.472,25.508023312947152
10.100.253.64:9100,1715936280.472,25.508023312947152
10.100.253.64:9100,1715936281.472,25.508023312947152
10.100.253.64:9100,1715936282.472,25.508023312947152
10.100.253.64:9100,1715936283.472,25.508023312947152
10.100.253.64:9100,1715936284.472,25.53109258467721
10.100.253.64:9100,1715936285.472,25.53109258467721
10.100.253.64:9100,1715936286.472,25.53109258467721
10.100.253.64:9100,1715936287.472,25.53109258467721
10.100.253.64:9100,1715936288.472,25.53109258467721
10.100.253.64:9100,1715936289.472,25.53109258467721
10.100.253.64:9100,1715936290.472,25.53109258467721
10.100.253.64:9100,1715936291.472,25.53109258467721
10.100.253.64:9100,1715936292.472,25.53109258467721
10.100.253.64:9100,1715936293.472,25.53109258467721
10.100.253.64:9100,1715936294.472,25.53109258467721
10.100.253.64:9100,1715936295.472,25.53109258467721
10.100.253.64:9100,1715936296.472,25.53109258467721
10.100.253.64:9100,1715936297.472,25.53109258467721
10.100.253.64:9100,1715936298.472,25.53109258467721
10.100.253.64:9100,1715936299.472,25.53109258467721
10.100.253.64:9100,1715936300.472,25.53109258467721
10.100.253.64:9100,1715936301.472,25.53109258467721
10.100.253.64:9100,1715936302.472,25.53109258467721
10.100.253.64:9100,1715936303.472,25.53109258467721
10.100.253.64:9100,1715936304.472,25.53109258467721
10.100.253.64:9100,1715936305.472,25.53109258467721
10.100.253.64:9100,1715936306.472,25.53109258467721
10.100.253.64:9100,1715936307.472,25.53109258467721
10.100.253.64:9100,1715936308.472,25.53109258467721
10.100.253.64:9100,1715936309.472,25.53109258467721
10.100.253.64:9100,1715936310.472,25.53109258467721
10.100.253.64:9100,1715936311.472,25.53109258467721
10.100.253.64:9100,1715936312.472,25.53109258467721
10.100.253.64:9100,1715936313.472,25.53109258467721
10.100.253.64:9100,1715936314.472,25.385885999848202
10.100.253.64:9100,1715936315.472,25.385885999848202
10.100.253.64:9100,1715936316.472,25.385885999848202
10.100.253.64:9100,1715936317.472,25.385885999848202
10.100.253.64:9100,1715936318.472,25.385885999848202
10.100.253.64:9100,1715936319.472,25.385885999848202
10.100.253.64:9100,1715936320.472,25.385885999848202
10.100.253.64:9100,1715936321.472,25.385885999848202
10.100.253.64:9100,1715936322.472,25.385885999848202
10.100.253.64:9100,1715936323.472,25.385885999848202
10.100.253.64:9100,1715936324.472,25.385885999848202
10.100.253.64:9100,1715936325.472,25.385885999848202
10.100.253.64:9100,1715936326.472,25.385885999848202
10.100.253.64:9100,1715936327.472,25.385885999848202
10.100.253.64:9100,1715936328.472,25.385885999848202
10.100.253.64:9100,1715936329.472,25.385885999848202
10.100.253.64:9100,1715936330.472,25.385885999848202
10.100.253.64:9100,1715936331.472,25.385885999848202
10.100.253.64:9100,1715936332.472,25.385885999848202
10.100.253.64:9100,1715936333.472,25.385885999848202
10.100.253.64:9100,1715936334.472,25.385885999848202
10.100.253.64:9100,1715936335.472,25.385885999848202
10.100.253.64:9100,1715936336.472,25.385885999848202
10.100.253.64:9100,1715936337.472,25.385885999848202
10.100.253.64:9100,1715936338.472,25.385885999848202
10.100.253.64:9100,1715936339.472,25.385885999848202
10.100.253.64:9100,1715936340.472,25.385885999848202
10.100.253.64:9100,1715936341.472,25.385885999848202
10.100.253.64:9100,1715936342.472,25.385885999848202
10.100.253.64:9100,1715936343.472,25.385885999848202
10.100.253.64:9100,1715936344.472,25.72103957528572
10.100.253.64:9100,1715936345.472,25.72103957528572
10.100.253.64:9100,1715936346.472,25.72103957528572
10.100.253.64:9100,1715936347.472,25.72103957528572
10.100.253.64:9100,1715936348.472,25.72103957528572
10.100.253.64:9100,1715936349.472,25.72103957528572
10.100.253.64:9100,1715936350.472,25.72103957528572
10.100.253.64:9100,1715936351.472,25.72103957528572
10.100.253.64:9100,1715936352.472,25.72103957528572
10.100.253.64:9100,1715936353.472,25.72103957528572
10.100.253.64:9100,1715936354.472,25.72103957528572
10.100.253.64:9100,1715936355.472,25.72103957528572
10.100.253.64:9100,1715936356.472,25.72103957528572
10.100.253.64:9100,1715936357.472,25.72103957528572
10.100.253.64:9100,1715936358.472,25.72103957528572
10.100.253.64:9100,1715936359.472,25.72103957528572
10.100.253.64:9100,1715936360.472,25.72103957528572
10.100.253.64:9100,1715936361.472,25.72103957528572
10.100.253.64:9100,1715936362.472,25.72103957528572
10.100.253.64:9100,1715936363.472,25.72103957528572
10.100.253.64:9100,1715936364.472,25.72103957528572
10.100.253.64:9100,1715936365.472,25.72103957528572
10.100.253.64:9100,1715936366.472,25.72103957528572
10.100.253.64:9100,1715936367.472,25.72103957528572
10.100.253.64:9100,1715936368.472,25.72103957528572
10.100.253.64:9100,1715936369.472,25.72103957528572
10.100.253.64:9100,1715936370.472,25.72103957528572
10.100.253.64:9100,1715936371.472,25.72103957528572
10.100.253.64:9100,1715936372.472,25.72103957528572
10.100.253.64:9100,1715936373.472,25.72103957528572
10.100.253.64:9100,1715936374.472,25.87193857781435
10.100.253.64:9100,1715936375.472,25.87193857781435
10.100.253.64:9100,1715936376.472,25.87193857781435
10.100.253.64:9100,1715936377.472,25.87193857781435
10.100.253.64:9100,1715936378.472,25.87193857781435
10.100.253.64:9100,1715936379.472,25.87193857781435
10.100.253.64:9100,1715936380.472,25.87193857781435
10.100.253.64:9100,1715936381.472,25.87193857781435
10.100.253.64:9100,1715936382.472,25.87193857781435
10.100.253.64:9100,1715936383.472,25.87193857781435
10.100.253.64:9100,1715936384.472,25.87193857781435
10.100.253.64:9100,1715936385.472,25.87193857781435
10.100.253.64:9100,1715936386.472,25.87193857781435
10.100.253.64:9100,1715936387.472,25.87193857781435
10.100.253.64:9100,1715936388.472,25.87193857781435
10.100.253.64:9100,1715936389.472,25.87193857781435
10.100.253.64:9100,1715936390.472,25.87193857781435
10.100.253.99:9100,1715936090.472,16.765568263073586
10.100.253.99:9100,1715936091.472,16.765568263073586
10.100.253.99:9100,1715936092.472,16.765568263073586
10.100.253.99:9100,1715936093.472,16.765568263073586
10.100.253.99:9100,1715936094.472,17.103518113872322
10.100.253.99:9100,1715936095.472,17.103518113872322
10.100.253.99:9100,1715936096.472,17.103518113872322
10.100.253.99:9100,1715936097.472,17.103518113872322
10.100.253.99:9100,1715936098.472,17.103518113872322
10.100.253.99:9100,1715936099.472,17.103518113872322
10.100.253.99:9100,1715936100.472,17.103518113872322
10.100.253.99:9100,1715936101.472,17.103518113872322
10.100.253.99:9100,1715936102.472,17.103518113872322
10.100.253.99:9100,1715936103.472,17.103518113872322
10.100.253.99:9100,1715936104.472,17.103518113872322
10.100.253.99:9100,1715936105.472,17.103518113872322
10.100.253.99:9100,1715936106.472,17.103518113872322
10.100.253.99:9100,1715936107.472,17.103518113872322
10.100.253.99:9100,1715936108.472,17.103518113872322
10.100.253.99:9100,1715936109.472,17.103518113872322
10.100.253.99:9100,1715936110.472,17.103518113872322
10.100.253.99:9100,1715936111.472,17.103518113872322
10.100.253.99:9100,1715936112.472,17.103518113872322
10.100.253.99:9100,1715936113.472,17.103518113872322
10.100.253.99:9100,1715936114.472,17.103518113872322
10.100.253.99:9100,1715936115.472,17.103518113872322
10.100.253.99:9100,1715936116.472,17.103518113872322
10.100.253.99:9100,1715936117.472,17.103518113872322
10.100.253.99:9100,1715936118.472,17.103518113872322
10.100.253.99:9100,1715936119.472,17.103518113872322
10.100.253.99:9100,1715936120.472,17.103518113872322
10.100.253.99:9100,1715936121.472,17.103518113872322
10.100.253.99:9100,1715936122.472,17.103518113872322
10.100.253.99:9100,1715936123.472,17.103518113872322
10.100.253.99:9100,1715936124.472,16.944030551305662
10.100.253.99:9100,1715936125.472,16.944030551305662
10.100.253.99:9100,1715936126.472,16.944030551305662
10.100.253.99:9100,1715936127.472,16.944030551305662
10.100.253.99:9100,1715936128.472,16.944030551305662
10.100.253.99:9100,1715936129.472,16.944030551305662
10.100.253.99:9100,1715936130.472,16.944030551305662
10.100.253.99:9100,1715936131.472,16.944030551305662
10.100.253.99:9100,1715936132.472,16.944030551305662
10.100.253.99:9100,1715936133.472,16.944030551305662
10.100.253.99:9100,1715936134.472,16.944030551305662
10.100.253.99:9100,1715936135.472,16.944030551305662
10.100.253.99:9100,1715936136.472,16.944030551305662
10.100.253.99:9100,1715936137.472,16.944030551305662
10.100.253.99:9100,1715936138.472,16.944030551305662
10.100.253.99:9100,1715936139.472,16.944030551305662
10.100.253.99:9100,1715936140.472,16.944030551305662
10.100.253.99:9100,1715936141.472,16.944030551305662
10.100.253.99:9100,1715936142.472,16.944030551305662
10.100.253.99:9100,1715936143.472,16.944030551305662
10.100.253.99:9100,1715936144.472,16.944030551305662
10.100.253.99:9100,1715936145.472,16.944030551305662
10.100.253.99:9100,1715936146.472,16.944030551305662
10.100.253.99:9100,1715936147.472,16.944030551305662
10.100.253.99:9100,1715936148.472,16.944030551305662
10.100.253.99:9100,1715936149.472,16.944030551305662
10.100.253.99:9100,1715936150.472,16.944030551305662
10.100.253.99:9100,1715936151.472,16.944030551305662
10.100.253.99:9100,1715936152.472,16.944030551305662
10.100.253.99:9100,1715936153.472,16.944030551305662
10.100.253.99:9100,1715936154.472,16.972692373758154
10.100.253.99:9100,1715936155.472,16.972692373758154
10.100.253.99:9100,1715936156.472,16.972692373758154
10.100.253.99:9100,1715936157.472,16.972692373758154
10.100.253.99:9100,1715936158.472,16.972692373758154
10.100.253.99:9100,1715936159.472,16.972692373758154
10.100.253.99:9100,1715936160.472,16.972692373758154
10.100.253.99:9100,1715936161.472,16.972692373758154
10.100.253.99:9100,1715936162.472,16.972692373758154
10.100.253.99:9100,1715936163.472,16.972692373758154
10.100.253.99:9100,1715936164.472,16.972692373758154
10.100.253.99:9100,1715936165.472,16.972692373758154
10.100.253.99:9100,1715936166.472,16.972692373758154
10.100.253.99:9100,1715936167.472,16.972692373758154
10.100.253.99:9100,1715936168.472,16.972692373758154
10.100.253.99:9100,1715936169.472,16.972692373758154
10.100.253.99:9100,1715936170.472,16.972692373758154
10.100.253.99:9100,1715936171.472,16.972692373758154
10.100.253.99:9100,1715936172.472,16.972692373758154
10.100.253.99:9100,1715936173.472,16.972692373758154
10.100.253.99:9100,1715936174.472,16.972692373758154
10.100.253.99:9100,1715936175.472,16.972692373758154
10.100.253.99:9100,1715936176.472,16.972692373758154
10.100.253.99:9100,1715936177.472,16.972692373758154
10.100.253.99:9100,1715936178.472,16.972692373758154
10.100.253.99:9100,1715936179.472,16.972692373758154
10.100.253.99:9100,1715936180.472,16.972692373758154
10.100.253.99:9100,1715936181.472,16.972692373758154
10.100.253.99:9100,1715936182.472,16.972692373758154
10.100.253.99:9100,1715936183.472,16.972692373758154
10.100.253.99:9100,1715936184.472,16.9899693608114
10.100.253.99:9100,1715936185.472,16.9899693608114
10.100.253.99:9100,1715936186.472,16.9899693608114
10.100.253.99:9100,1715936187.472,16.9899693608114
10.100.253.99:9100,1715936188.472,16.9899693608114
10.100.253.99:9100,1715936189.472,16.9899693608114
10.100.253.99:9100,1715936190.472,16.9899693608114
10.100.253.99:9100,1715936191.472,16.9899693608114
10.100.253.99:9100,1715936192.472,16.9899693608114
10.100.253.99:9100,1715936193.472,16.9899693608114
10.100.253.99:9100,1715936194.472,16.9899693608114
10.100.253.99:9100,1715936195.472,16.9899693608114
10.100.253.99:9100,1715936196.472,16.9899693608114
10.100.253.99:9100,1715936197.472,16.9899693608114
10.100.253.99:9100,1715936198.472,16.9899693608114
10.100.253.99:9100,1715936199.472,16.9899693608114
10.100.253.99:9100,1715936200.472,16.9899693608114
10.100.253.99:9100,1715936201.472,16.9899693608114
10.100.253.99:9100,1715936202.472,16.9899693608114
10.100.253.99:9100,1715936203.472,16.9899693608114
10.100.253.99:9100,1715936204.472,16.9899693608114
10.100.253.99:9100,1715936205.472,16.9899693608114
10.100.253.99:9100,1715936206.472,16.9899693608114
10.100.253.99:9100,1715936207.472,16.9899693608114
10.100.253.99:9100,1715936208.472,16.9899693608114
10.100.253.99:9100,1715936209.472,16.9899693608114
10.100.253.99:9100,1715936210.472,16.9899693608114
10.100.253.99:9100,1715936211.472,16.9899693608114
10.100.253.99:9100,1715936212.472,16.9899693608114
10.100.253.99:9100,1715936213.472,16.9899693608114
10.100.253.99:9100,1715936214.472,16.833278073605957
10.100.253.99:9100,1715936215.472,16.833278073605957
10.100.253.99:9100,1715936216.472,16.833278073605957
10.100.253.99:9100,1715936217.472,16.833278073605957
10.100.253.99:9100,1715936218.472,16.833278073605957
10.100.253.99:9100,1715936219.472,16.833278073605957
10.100.253.99:9100,1715936220.472,16.833278073605957
10.100.253.99:9100,1715936221.472,16.833278073605957
10.100.253.99:9100,1715936222.472,16.833278073605957
10.100.253.99:9100,1715936223.472,16.833278073605957
10.100.253.99:9100,1715936224.472,16.833278073605957
10.100.253.99:9100,1715936225.472,16.833278073605957
10.100.253.99:9100,1715936226.472,16.833278073605957
10.100.253.99:9100,1715936227.472,16.833278073605957
10.100.253.99:9100,1715936228.472,16.833278073605957
10.100.253.99:9100,1715936229.472,16.833278073605957
10.100.253.99:9100,1715936230.472,16.833278073605957
10.100.253.99:9100,1715936231.472,16.833278073605957
10.100.253.99:9100,1715936232.472,16.833278073605957
10.100.253.99:9100,1715936233.472,16.833278073605957
10.100.253.99:9100,1715936234.472,16.833278073605957
10.100.253.99:9100,1715936235.472,16.833278073605957
10.100.253.99:9100,1715936236.472,16.833278073605957
10.100.253.99:9100,1715936237.472,16.833278073605957
10.100.253.99:9100,1715936238.472,16.833278073605957
10.100.253.99:9100,1715936239.472,16.833278073605957
10.100.253.99:9100,1715936240.472,16.833278073605957
10.100.253.99:9100,1715936241.472,16.833278073605957
10.100.253.99:9100,1715936242.472,16.833278073605957
10.100.253.99:9100,1715936243.472,16.833278073605957
10.100.253.99:9100,1715936244.472,16.831879935925347
10.100.253.99:9100,1715936245.472,16.831879935925347
10.100.253.99:9100,1715936246.472,16.831879935925347
10.100.253.99:9100,1715936247.472,16.831879935925347
10.100.253.99:9100,1715936248.472,16.831879935925347
10.100.253.99:9100,1715936249.472,16.831879935925347
10.100.253.99:9100,1715936250.472,16.831879935925347
10.100.253.99:9100,1715936251.472,16.831879935925347
10.100.253.99:9100,1715936252.472,16.831879935925347
10.100.253.99:9100,1715936253.472,16.831879935925347
10.100.253.99:9100,1715936254.472,16.831879935925347
10.100.253.99:9100,1715936255.472,16.831879935925347
10.100.253.99:9100,1715936256.472,16.831879935925347
10.100.253.99:9100,1715936257.472,16.831879935925347
10.100.253.99:9100,1715936258.472,16.831879935925347
10.100.253.99:9100,1715936259.472,16.831879935925347
10.100.253.99:9100,1715936260.472,16.831879935925347
10.100.253.99:9100,1715936261.472,16.831879935925347
10.100.253.99:9100,1715936262.472,16.831879935925347
10.100.253.99:9100,1715936263.472,16.831879935925347
10.100.253.99:9100,1715936264.472,16.831879935925347
10.100.253.99:9100,1715936265.472,16.831879935925347
10.100.253.99:9100,1715936266.472,16.831879935925347
10.100.253.99:9100,1715936267.472,16.831879935925347
10.100.253.99:9100,1715936268.472,16.831879935925347
10.100.253.99:9100,1715936269.472,16.831879935925347
10.100.253.99:9100,1715936270.472,16.831879935925347
10.100.253.99:9100,1715936271.472,16.831879935925347
10.100.253.99:9100,1715936272.472,16.831879935925347
10.100.253.99:9100,1715936273.472,16.831879935925347
10.100.253.99:9100,1715936274.472,16.743797262046954
10.100.253.99:9100,1715936275.472,16.743797262046954
10.100.253.99:9100,1715936276.472,16.743797262046954
10.100.253.99:9100,1715936277.472,16.743797262046954
10.100.253.99:9100,1715936278.472,16.743797262046954
10.100.253.99:9100,1715936279.472,16.743797262046954
10.100.253.99:9100,1715936280.472,16.743797262046954
10.100.253.99:9100,1715936281.472,16.743797262046954
10.100.253.99:9100,1715936282.472,16.743797262046954
10.100.253.99:9100,1715936283.472,16.743797262046954
10.100.253.99:9100,1715936284.472,16.743797262046954
10.100.253.99:9100,1715936285.472,16.743797262046954
10.100.253.99:9100,1715936286.472,16.743797262046954
10.100.253.99:9100,1715936287.472,16.743797262046954
10.100.253.99:9100,1715936288.472,16.743797262046954
10.100.253.99:9100,1715936289.472,16.743797262046954
10.100.253.99:9100,1715936290.472,16.743797262046954
10.100.253.99:9100,1715936291.472,16.743797262046954
10.100.253.99:9100,1715936292.472,16.743797262046954
10.100.253.99:9100,1715936293.472,16.743797262046954
10.100.253.99:9100,1715936294.472,16.743797262046954
10.100.253.99:9100,1715936295.472,16.743797262046954
10.100.253.99:9100,1715936296.472,16.743797262046954
10.100.253.99:9100,1715936297.472,16.743797262046954
10.100.253.99:9100,1715936298.472,16.743797262046954
10.100.253.99:9100,1715936299.472,16.743797262046954
10.100.253.99:9100,1715936300.472,16.743797262046954
10.100.253.99:9100,1715936301.472,16.743797262046954
10.100.253.99:9100,1715936302.472,16.743797262046954
10.100.253.99:9100,1715936303.472,16.743797262046954
10.100.253.99:9100,1715936304.472,17.014137169290507
10.100.253.99:9100,1715936305.472,17.014137169290507
10.100.253.99:9100,1715936306.472,17.014137169290507
10.100.253.99:9100,1715936307.472,17.014137169290507
10.100.253.99:9100,1715936308.472,17.014137169290507
10.100.253.99:9100,1715936309.472,17.014137169290507
10.100.253.99:9100,1715936310.472,17.014137169290507
10.100.253.99:9100,1715936311.472,17.014137169290507
10.100.253.99:9100,1715936312.472,17.014137169290507
10.100.253.99:9100,1715936313.472,17.014137169290507
10.100.253.99:9100,1715936314.472,17.014137169290507
10.100.253.99:9100,1715936315.472,17.014137169290507
10.100.253.99:9100,1715936316.472,17.014137169290507
10.100.253.99:9100,1715936317.472,17.014137169290507
10.100.253.99:9100,1715936318.472,17.014137169290507
10.100.253.99:9100,1715936319.472,17.014137169290507
10.100.253.99:9100,1715936320.472,17.014137169290507
10.100.253.99:9100,1715936321.472,17.014137169290507
10.100.253.99:9100,1715936322.472,17.014137169290507
10.100.253.99:9100,1715936323.472,17.014137169290507
10.100.253.99:9100,1715936324.472,17.014137169290507
10.100.253.99:9100,1715936325.472,17.014137169290507
10.100.253.99:9100,1715936326.472,17.014137169290507
10.100.253.99:9100,1715936327.472,17.014137169290507
10.100.253.99:9100,1715936328.472,17.014137169290507
10.100.253.99:9100,1715936329.472,17.014137169290507
10.100.253.99:9100,1715936330.472,17.014137169290507
10.100.253.99:9100,1715936331.472,17.014137169290507
10.100.253.99:9100,1715936332.472,17.014137169290507
10.100.253.99:9100,1715936333.472,17.014137169290507
10.100.253.99:9100,1715936334.472,16.9224592842334
10.100.253.99:9100,1715936335.472,16.9224592842334
10.100.253.99:9100,1715936336.472,16.9224592842334
10.100.253.99:9100,1715936337.472,16.9224592842334
10.100.253.99:9100,1715936338.472,16.9224592842334
10.100.253.99:9100,1715936339.472,16.9224592842334
10.100.253.99:9100,1715936340.472,16.9224592842334
10.100.253.99:9100,1715936341.472,16.9224592842334
10.100.253.99:9100,1715936342.472,16.9224592842334
10.100.253.99:9100,1715936343.472,16.9224592842334
10.100.253.99:9100,1715936344.472,16.9224592842334
10.100.253.99:9100,1715936345.472,16.9224592842334
10.100.253.99:9100,1715936346.472,16.9224592842334
10.100.253.99:9100,1715936347.472,16.9224592842334
10.100.253.99:9100,1715936348.472,16.9224592842334
10.100.253.99:9100,1715936349.472,16.9224592842334
10.100.253.99:9100,1715936350.472,16.9224592842334
10.100.253.99:9100,1715936351.472,16.9224592842334
10.100.253.99:9100,1715936352.472,16.9224592842334
10.100.253.99:9100,1715936353.472,16.9224592842334
10.100.253.99:9100,1715936354.472,16.9224592842334
10.100.253.99:9100,1715936355.472,16.9224592842334
10.100.253.99:9100,1715936356.472,16.9224592842334
10.100.253.99:9100,1715936357.472,16.9224592842334
10.100.253.99:9100,1715936358.472,16.9224592842334
10.100.253.99:9100,1715936359.472,16.9224592842334
10.100.253.99:9100,1715936360.472,16.9224592842334
10.100.253.99:9100,1715936361.472,16.9224592842334
10.100.253.99:9100,1715936362.472,16.9224592842334
10.100.253.99:9100,1715936363.472,16.9224592842334
10.100.253.99:9100,1715936364.472,16.769263341229482
10.100.253.99:9100,1715936365.472,16.769263341229482
10.100.253.99:9100,1715936366.472,16.769263341229482
10.100.253.99:9100,1715936367.472,16.769263341229482
10.100.253.99:9100,1715936368.472,16.769263341229482
10.100.253.99:9100,1715936369.472,16.769263341229482
10.100.253.99:9100,1715936370.472,16.769263341229482
10.100.253.99:9100,1715936371.472,16.769263341229482
10.100.253.99:9100,1715936372.472,16.769263341229482
10.100.253.99:9100,1715936373.472,16.769263341229482
10.100.253.99:9100,1715936374.472,16.769263341229482
10.100.253.99:9100,1715936375.472,16.769263341229482
10.100.253.99:9100,1715936376.472,16.769263341229482
10.100.253.99:9100,1715936377.472,16.769263341229482
10.100.253.99:9100,1715936378.472,16.769263341229482
10.100.253.99:9100,1715936379.472,16.769263341229482
10.100.253.99:9100,1715936380.472,16.769263341229482
10.100.253.99:9100,1715936381.472,16.769263341229482
10.100.253.99:9100,1715936382.472,16.769263341229482
10.100.253.99:9100,1715936383.472,16.769263341229482
10.100.253.99:9100,1715936384.472,16.769263341229482
10.100.253.99:9100,1715936385.472,16.769263341229482
10.100.253.99:9100,1715936386.472,16.769263341229482
10.100.253.99:9100,1715936387.472,16.769263341229482
10.100.253.99:9100,1715936388.472,16.769263341229482
10.100.253.99:9100,1715936389.472,16.769263341229482
10.100.253.99:9100,1715936390.472,16.769263341229482
10.100.255.210:9100,1715936090.472,17.220462344157582
10.100.255.210:9100,1715936091.472,17.220462344157582
10.100.255.210:9100,1715936092.472,17.220462344157582
10.100.255.210:9100,1715936093.472,17.220462344157582
10.100.255.210:9100,1715936094.472,17.220462344157582
10.100.255.210:9100,1715936095.472,17.220462344157582
10.100.255.210:9100,1715936096.472,17.220462344157582
10.100.255.210:9100,1715936097.472,17.362473185716627
10.100.255.210:9100,1715936098.472,17.362473185716627
10.100.255.210:9100,1715936099.472,17.362473185716627
10.100.255.210:9100,1715936100.472,17.362473185716627
10.100.255.210:9100,1715936101.472,17.362473185716627
10.100.255.210:9100,1715936102.472,17.362473185716627
10.100.255.210:9100,1715936103.472,17.362473185716627
10.100.255.210:9100,1715936104.472,17.362473185716627
10.100.255.210:9100,1715936105.472,17.362473185716627
10.100.255.210:9100,1715936106.472,17.362473185716627
10.100.255.210:9100,1715936107.472,17.362473185716627
10.100.255.210:9100,1715936108.472,17.362473185716627
10.100.255.210:9100,1715936109.472,17.362473185716627
10.100.255.210:9100,1715936110.472,17.362473185716627
10.100.255.210:9100,1715936111.472,17.362473185716627
10.100.255.210:9100,1715936112.472,17.362473185716627
10.100.255.210:9100,1715936113.472,17.362473185716627
10.100.255.210:9100,1715936114.472,17.362473185716627
10.100.255.210:9100,1715936115.472,17.362473185716627
10.100.255.210:9100,1715936116.472,17.362473185716627
10.100.255.210:9100,1715936117.472,17.362473185716627
10.100.255.210:9100,1715936118.472,17.362473185716627
10.100.255.210:9100,1715936119.472,17.362473185716627
10.100.255.210:9100,1715936120.472,17.362473185716627
10.100.255.210:9100,1715936121.472,17.362473185716627
10.100.255.210:9100,1715936122.472,17.362473185716627
10.100.255.210:9100,1715936123.472,17.362473185716627
10.100.255.210:9100,1715936124.472,17.362473185716627
10.100.255.210:9100,1715936125.472,17.362473185716627
10.100.255.210:9100,1715936126.472,17.362473185716627
10.100.255.210:9100,1715936127.472,17.23234651444276
10.100.255.210:9100,1715936128.472,17.23234651444276
10.100.255.210:9100,1715936129.472,17.23234651444276
10.100.255.210:9100,1715936130.472,17.23234651444276
10.100.255.210:9100,1715936131.472,17.23234651444276
10.100.255.210:9100,1715936132.472,17.23234651444276
10.100.255.210:9100,1715936133.472,17.23234651444276
10.100.255.210:9100,1715936134.472,17.23234651444276
10.100.255.210:9100,1715936135.472,17.23234651444276
10.100.255.210:9100,1715936136.472,17.23234651444276
10.100.255.210:9100,1715936137.472,17.23234651444276
10.100.255.210:9100,1715936138.472,17.23234651444276
10.100.255.210:9100,1715936139.472,17.23234651444276
10.100.255.210:9100,1715936140.472,17.23234651444276
10.100.255.210:9100,1715936141.472,17.23234651444276
10.100.255.210:9100,1715936142.472,17.23234651444276
10.100.255.210:9100,1715936143.472,17.23234651444276
10.100.255.210:9100,1715936144.472,17.23234651444276
10.100.255.210:9100,1715936145.472,17.23234651444276
10.100.255.210:9100,1715936146.472,17.23234651444276
10.100.255.210:9100,1715936147.472,17.23234651444276
10.100.255.210:9100,1715936148.472,17.23234651444276
10.100.255.210:9100,1715936149.472,17.23234651444276
10.100.255.210:9100,1715936150.472,17.23234651444276
10.100.255.210:9100,1715936151.472,17.23234651444276
10.100.255.210:9100,1715936152.472,17.23234651444276
10.100.255.210:9100,1715936153.472,17.23234651444276
10.100.255.210:9100,1715936154.472,17.23234651444276
10.100.255.210:9100,1715936155.472,17.23234651444276
10.100.255.210:9100,1715936156.472,17.23234651444276
10.100.255.210:9100,1715936157.472,17.2679990252983
10.100.255.210:9100,1715936158.472,17.2679990252983
10.100.255.210:9100,1715936159.472,17.2679990252983
10.100.255.210:9100,1715936160.472,17.2679990252983
10.100.255.210:9100,1715936161.472,17.2679990252983
10.100.255.210:9100,1715936162.472,17.2679990252983
10.100.255.210:9100,1715936163.472,17.2679990252983
10.100.255.210:9100,1715936164.472,17.2679990252983
10.100.255.210:9100,1715936165.472,17.2679990252983
10.100.255.210:9100,1715936166.472,17.2679990252983
10.100.255.210:9100,1715936167.472,17.2679990252983
10.100.255.210:9100,1715936168.472,17.2679990252983
10.100.255.210:9100,1715936169.472,17.2679990252983
10.100.255.210:9100,1715936170.472,17.2679990252983
10.100.255.210:9100,1715936171.472,17.2679990252983
10.100.255.210:9100,1715936172.472,17.2679990252983
10.100.255.210:9100,1715936173.472,17.2679990252983
10.100.255.210:9100,1715936174.472,17.2679990252983
10.100.255.210:9100,1715936175.472,17.2679990252983
10.100.255.210:9100,1715936176.472,17.2679990252983
10.100.255.210:9100,1715936177.472,17.2679990252983
10.100.255.210:9100,1715936178.472,17.2679990252983
10.100.255.210:9100,1715936179.472,17.2679990252983
10.100.255.210:9100,1715936180.472,17.2679990252983
10.100.255.210:9100,1715936181.472,17.2679990252983
10.100.255.210:9100,1715936182.472,17.2679990252983
10.100.255.210:9100,1715936183.472,17.2679990252983
10.100.255.210:9100,1715936184.472,17.2679990252983
10.100.255.210:9100,1715936185.472,17.2679990252983
10.100.255.210:9100,1715936186.472,17.2679990252983
10.100.255.210:9100,1715936187.472,17.466135108036095
10.100.255.210:9100,1715936188.472,17.466135108036095
10.100.255.210:9100,1715936189.472,17.466135108036095
10.100.255.210:9100,1715936190.472,17.466135108036095
10.100.255.210:9100,1715936191.472,17.466135108036095
10.100.255.210:9100,1715936192.472,17.466135108036095
10.100.255.210:9100,1715936193.472,17.466135108036095
10.100.255.210:9100,1715936194.472,17.466135108036095
10.100.255.210:9100,1715936195.472,17.466135108036095
10.100.255.210:9100,1715936196.472,17.466135108036095
10.100.255.210:9100,1715936197.472,17.466135108036095
10.100.255.210:9100,1715936198.472,17.466135108036095
10.100.255.210:9100,1715936199.472,17.466135108036095
10.100.255.210:9100,1715936200.472,17.466135108036095
10.100.255.210:9100,1715936201.472,17.466135108036095
10.100.255.210:9100,1715936202.472,17.466135108036095
10.100.255.210:9100,1715936203.472,17.466135108036095
10.100.255.210:9100,1715936204.472,17.466135108036095
10.100.255.210:9100,1715936205.472,17.466135108036095
10.100.255.210:9100,1715936206.472,17.466135108036095
10.100.255.210:9100,1715936207.472,17.466135108036095
10.100.255.210:9100,1715936208.472,17.466135108036095
10.100.255.210:9100,1715936209.472,17.466135108036095
10.100.255.210:9100,1715936210.472,17.466135108036095
10.100.255.210:9100,1715936211.472,17.466135108036095
10.100.255.210:9100,1715936212.472,17.466135108036095
10.100.255.210:9100,1715936213.472,17.466135108036095
10.100.255.210:9100,1715936214.472,17.466135108036095
10.100.255.210:9100,1715936215.472,17.466135108036095
10.100.255.210:9100,1715936216.472,17.466135108036095
10.100.255.210:9100,1715936217.472,17.133478207028237
10.100.255.210:9100,1715936218.472,17.133478207028237
10.100.255.210:9100,1715936219.472,17.133478207028237
10.100.255.210:9100,1715936220.472,17.133478207028237
10.100.255.210:9100,1715936221.472,17.133478207028237
10.100.255.210:9100,1715936222.472,17.133478207028237
10.100.255.210:9100,1715936223.472,17.133478207028237
10.100.255.210:9100,1715936224.472,17.133478207028237
10.100.255.210:9100,1715936225.472,17.133478207028237
10.100.255.210:9100,1715936226.472,17.133478207028237
10.100.255.210:9100,1715936227.472,17.133478207028237
10.100.255.210:9100,1715936228.472,17.133478207028237
10.100.255.210:9100,1715936229.472,17.133478207028237
10.100.255.210:9100,1715936230.472,17.133478207028237
10.100.255.210:9100,1715936231.472,17.133478207028237
10.100.255.210:9100,1715936232.472,17.133478207028237
10.100.255.210:9100,1715936233.472,17.133478207028237
10.100.255.210:9100,1715936234.472,17.133478207028237
10.100.255.210:9100,1715936235.472,17.133478207028237
10.100.255.210:9100,1715936236.472,17.133478207028237
10.100.255.210:9100,1715936237.472,17.133478207028237
10.100.255.210:9100,1715936238.472,17.133478207028237
10.100.255.210:9100,1715936239.472,17.133478207028237
10.100.255.210:9100,1715936240.472,17.133478207028237
10.100.255.210:9100,1715936241.472,17.133478207028237
10.100.255.210:9100,1715936242.472,17.133478207028237
10.100.255.210:9100,1715936243.472,17.133478207028237
10.100.255.210:9100,1715936244.472,17.133478207028237
10.100.255.210:9100,1715936245.472,17.133478207028237
10.100.255.210:9100,1715936246.472,17.133478207028237
10.100.255.210:9100,1715936247.472,17.092732480336192
10.100.255.210:9100,1715936248.472,17.092732480336192
10.100.255.210:9100,1715936249.472,17.092732480336192
10.100.255.210:9100,1715936250.472,17.092732480336192
10.100.255.210:9100,1715936251.472,17.092732480336192
10.100.255.210:9100,1715936252.472,17.092732480336192
10.100.255.210:9100,1715936253.472,17.092732480336192
10.100.255.210:9100,1715936254.472,17.092732480336192
10.100.255.210:9100,1715936255.472,17.092732480336192
10.100.255.210:9100,1715936256.472,17.092732480336192
10.100.255.210:9100,1715936257.472,17.092732480336192
10.100.255.210:9100,1715936258.472,17.092732480336192
10.100.255.210:9100,1715936259.472,17.092732480336192
10.100.255.210:9100,1715936260.472,17.092732480336192
10.100.255.210:9100,1715936261.472,17.092732480336192
10.100.255.210:9100,1715936262.472,17.092732480336192
10.100.255.210:9100,1715936263.472,17.092732480336192
10.100.255.210:9100,1715936264.472,17.092732480336192
10.100.255.210:9100,1715936265.472,17.092732480336192
10.100.255.210:9100,1715936266.472,17.092732480336192
10.100.255.210:9100,1715936267.472,17.092732480336192
10.100.255.210:9100,1715936268.472,17.092732480336192
10.100.255.210:9100,1715936269.472,17.092732480336192
10.100.255.210:9100,1715936270.472,17.092732480336192
10.100.255.210:9100,1715936271.472,17.092732480336192
10.100.255.210:9100,1715936272.472,17.092732480336192
10.100.255.210:9100,1715936273.472,17.092732480336192
10.100.255.210:9100,1715936274.472,17.092732480336192
10.100.255.210:9100,1715936275.472,17.092732480336192
10.100.255.210:9100,1715936276.472,17.092732480336192
10.100.255.210:9100,1715936277.472,17.218664738568226
10.100.255.210:9100,1715936278.472,17.218664738568226
10.100.255.210:9100,1715936279.472,17.218664738568226
10.100.255.210:9100,1715936280.472,17.218664738568226
10.100.255.210:9100,1715936281.472,17.218664738568226
10.100.255.210:9100,1715936282.472,17.218664738568226
10.100.255.210:9100,1715936283.472,17.218664738568226
10.100.255.210:9100,1715936284.472,17.218664738568226
10.100.255.210:9100,1715936285.472,17.218664738568226
10.100.255.210:9100,1715936286.472,17.218664738568226
10.100.255.210:9100,1715936287.472,17.218664738568226
10.100.255.210:9100,1715936288.472,17.218664738568226
10.100.255.210:9100,1715936289.472,17.218664738568226
10.100.255.210:9100,1715936290.472,17.218664738568226
10.100.255.210:9100,1715936291.472,17.218664738568226
10.100.255.210:9100,1715936292.472,17.218664738568226
10.100.255.210:9100,1715936293.472,17.218664738568226
10.100.255.210:9100,1715936294.472,17.218664738568226
10.100.255.210:9100,1715936295.472,17.218664738568226
10.100.255.210:9100,1715936296.472,17.218664738568226
10.100.255.210:9100,1715936297.472,17.218664738568226
10.100.255.210:9100,1715936298.472,17.218664738568226
10.100.255.210:9100,1715936299.472,17.218664738568226
10.100.255.210:9100,1715936300.472,17.218664738568226
10.100.255.210:9100,1715936301.472,17.218664738568226
10.100.255.210:9100,1715936302.472,17.218664738568226
10.100.255.210:9100,1715936303.472,17.218664738568226
10.100.255.210:9100,1715936304.472,17.218664738568226
10.100.255.210:9100,1715936305.472,17.218664738568226
10.100.255.210:9100,1715936306.472,17.218664738568226
10.100.255.210:9100,1715936307.472,17.13237967027919
10.100.255.210:9100,1715936308.472,17.13237967027919
10.100.255.210:9100,1715936309.472,17.13237967027919
10.100.255.210:9100,1715936310.472,17.13237967027919
10.100.255.210:9100,1715936311.472,17.13237967027919
10.100.255.210:9100,1715936312.472,17.13237967027919
10.100.255.210:9100,1715936313.472,17.13237967027919
10.100.255.210:9100,1715936314.472,17.13237967027919
10.100.255.210:9100,1715936315.472,17.13237967027919
10.100.255.210:9100,1715936316.472,17.13237967027919
10.100.255.210:9100,1715936317.472,17.13237967027919
10.100.255.210:9100,1715936318.472,17.13237967027919
10.100.255.210:9100,1715936319.472,17.13237967027919
10.100.255.210:9100,1715936320.472,17.13237967027919
10.100.255.210:9100,1715936321.472,17.13237967027919
10.100.255.210:9100,1715936322.472,17.13237967027919
10.100.255.210:9100,1715936323.472,17.13237967027919
10.100.255.210:9100,1715936324.472,17.13237967027919
10.100.255.210:9100,1715936325.472,17.13237967027919
10.100.255.210:9100,1715936326.472,17.13237967027919
10.100.255.210:9100,1715936327.472,17.13237967027919
10.100.255.210:9100,1715936328.472,17.13237967027919
10.100.255.210:9100,1715936329.472,17.13237967027919
10.100.255.210:9100,1715936330.472,17.13237967027919
10.100.255.210:9100,1715936331.472,17.13237967027919
10.100.255.210:9100,1715936332.472,17.13237967027919
10.100.255.210:9100,1715936333.472,17.13237967027919
10.100.255.210:9100,1715936334.472,17.13237967027919
10.100.255.210:9100,1715936335.472,17.13237967027919
10.100.255.210:9100,1715936336.472,17.13237967027919
10.100.255.210:9100,1715936337.472,17.25451698337814
10.100.255.210:9100,1715936338.472,17.25451698337814
10.100.255.210:9100,1715936339.472,17.25451698337814
10.100.255.210:9100,1715936340.472,17.25451698337814
10.100.255.210:9100,1715936341.472,17.25451698337814
10.100.255.210:9100,1715936342.472,17.25451698337814
10.100.255.210:9100,1715936343.472,17.25451698337814
10.100.255.210:9100,1715936344.472,17.25451698337814
10.100.255.210:9100,1715936345.472,17.25451698337814
10.100.255.210:9100,1715936346.472,17.25451698337814
10.100.255.210:9100,1715936347.472,17.25451698337814
10.100.255.210:9100,1715936348.472,17.25451698337814
10.100.255.210:9100,1715936349.472,17.25451698337814
10.100.255.210:9100,1715936350.472,17.25451698337814
10.100.255.210:9100,1715936351.472,17.25451698337814
10.100.255.210:9100,1715936352.472,17.25451698337814
10.100.255.210:9100,1715936353.472,17.25451698337814
10.100.255.210:9100,1715936354.472,17.25451698337814
10.100.255.210:9100,1715936355.472,17.25451698337814
10.100.255.210:9100,1715936356.472,17.25451698337814
10.100.255.210:9100,1715936357.472,17.25451698337814
10.100.255.210:9100,1715936358.472,17.25451698337814
10.100.255.210:9100,1715936359.472,17.25451698337814
10.100.255.210:9100,1715936360.472,17.25451698337814
10.100.255.210:9100,1715936361.472,17.25451698337814
10.100.255.210:9100,1715936362.472,17.25451698337814
10.100.255.210:9100,1715936363.472,17.25451698337814
10.100.255.210:9100,1715936364.472,17.25451698337814
10.100.255.210:9100,1715936365.472,17.25451698337814
10.100.255.210:9100,1715936366.472,17.25451698337814
10.100.255.210:9100,1715936367.472,17.43038273020337
10.100.255.210:9100,1715936368.472,17.43038273020337
10.100.255.210:9100,1715936369.472,17.43038273020337
10.100.255.210:9100,1715936370.472,17.43038273020337
10.100.255.210:9100,1715936371.472,17.43038273020337
10.100.255.210:9100,1715936372.472,17.43038273020337
10.100.255.210:9100,1715936373.472,17.43038273020337
10.100.255.210:9100,1715936374.472,17.43038273020337
10.100.255.210:9100,1715936375.472,17.43038273020337
10.100.255.210:9100,1715936376.472,17.43038273020337
10.100.255.210:9100,1715936377.472,17.43038273020337
10.100.255.210:9100,1715936378.472,17.43038273020337
10.100.255.210:9100,1715936379.472,17.43038273020337
10.100.255.210:9100,1715936380.472,17.43038273020337
10.100.255.210:9100,1715936381.472,17.43038273020337
10.100.255.210:9100,1715936382.472,17.43038273020337
10.100.255.210:9100,1715936383.472,17.43038273020337
10.100.255.210:9100,1715936384.472,17.43038273020337
10.100.255.210:9100,1715936385.472,17.43038273020337
10.100.255.210:9100,1715936386.472,17.43038273020337
10.100.255.210:9100,1715936387.472,17.43038273020337
10.100.255.210:9100,1715936388.472,17.43038273020337
10.100.255.210:9100,1715936389.472,17.43038273020337
10.100.255.210:9100,1715936390.472,17.43038273020337
