DeploymentName,PodName,DeploymentTime,PodScheduled,Initialized,PodReadyToStartContainers,ContainersReady,Ready,DeleteTime,CleanUpTime
deploy-undeploy-test-26,deploy-undeploy-test-26-b9777c69d-h9crp,2024-05-18T12:05:46+02:00,2024-05-18 12:05:49 +0200 CEST,2024-05-18 12:05:49 +0200 CEST,2024-05-18 12:05:51 +0200 CEST,2024-05-18 12:05:51 +0200 CEST,2024-05-18 12:05:51 +0200 CEST,2024-05-18T12:07:13+02:00,2024-05-18T12:07:14+02:00
deploy-undeploy-test-49,deploy-undeploy-test-49-7d8d596d99-6q2p7,2024-05-18T12:05:59+02:00,2024-05-18 12:06:05 +0200 CEST,2024-05-18 12:06:05 +0200 CEST,2024-05-18 12:06:06 +0200 CEST,2024-05-18 12:06:06 +0200 CEST,2024-05-18 12:06:06 +0200 CEST,2024-05-18T12:07:29+02:00,2024-05-18T12:07:30+02:00
deploy-undeploy-test-53,deploy-undeploy-test-53-645d944454-mqc5s,2024-05-18T12:06:01+02:00,2024-05-18 12:06:08 +0200 CEST,2024-05-18 12:06:08 +0200 CEST,2024-05-18 12:06:10 +0200 CEST,2024-05-18 12:06:10 +0200 CEST,2024-05-18 12:06:10 +0200 CEST,2024-05-18T12:07:32+02:00,2024-05-18T12:07:33+02:00
deploy-undeploy-test-69,deploy-undeploy-test-69-c9d9c88b9-hq58c,2024-05-18T12:06:10+02:00,2024-05-18 12:06:18 +0200 CEST,2024-05-18 12:06:18 +0200 CEST,2024-05-18 12:06:19 +0200 CEST,2024-05-18 12:06:19 +0200 CEST,2024-05-18 12:06:19 +0200 CEST,2024-05-18T12:07:49+02:00,2024-05-18T12:07:49+02:00
deploy-undeploy-test-76,deploy-undeploy-test-76-699dddfb6f-6zj7m,2024-05-18T12:06:14+02:00,2024-05-18 12:06:23 +0200 CEST,2024-05-18 12:06:23 +0200 CEST,2024-05-18 12:06:24 +0200 CEST,2024-05-18 12:06:24 +0200 CEST,2024-05-18 12:06:24 +0200 CEST,2024-05-18T12:07:57+02:00,2024-05-18T12:07:57+02:00
deploy-undeploy-test-86,deploy-undeploy-test-86-67bc5dbf84-bjfj5,2024-05-18T12:06:19+02:00,2024-05-18 12:06:29 +0200 CEST,2024-05-18 12:06:29 +0200 CEST,2024-05-18 12:06:31 +0200 CEST,2024-05-18 12:06:31 +0200 CEST,2024-05-18 12:06:31 +0200 CEST,2024-05-18T12:08:09+02:00,2024-05-18T12:08:09+02:00
deploy-undeploy-test-17,deploy-undeploy-test-17-57cb8bcb78-nw2p9,2024-05-18T12:05:43+02:00,2024-05-18 12:05:43 +0200 CEST,2024-05-18 12:05:43 +0200 CEST,2024-05-18 12:05:45 +0200 CEST,2024-05-18 12:05:45 +0200 CEST,2024-05-18 12:05:45 +0200 CEST,2024-05-18T12:07:05+02:00,2024-05-18T12:07:05+02:00
deploy-undeploy-test-16,deploy-undeploy-test-16-67b974b879-t58xt,2024-05-18T12:05:42+02:00,2024-05-18 12:05:42 +0200 CEST,2024-05-18 12:05:42 +0200 CEST,2024-05-18 12:05:44 +0200 CEST,2024-05-18 12:05:44 +0200 CEST,2024-05-18 12:05:44 +0200 CEST,2024-05-18T12:07:04+02:00,2024-05-18T12:07:04+02:00
deploy-undeploy-test-28,deploy-undeploy-test-28-798cd97544-9jnvn,2024-05-18T12:05:47+02:00,2024-05-18 12:05:50 +0200 CEST,2024-05-18 12:05:50 +0200 CEST,2024-05-18 12:05:52 +0200 CEST,2024-05-18 12:05:52 +0200 CEST,2024-05-18 12:05:52 +0200 CEST,2024-05-18T12:07:13+02:00,2024-05-18T12:07:15+02:00
deploy-undeploy-test-45,deploy-undeploy-test-45-5c4954dc59-mq7jf,2024-05-18T12:05:56+02:00,2024-05-18 12:06:02 +0200 CEST,2024-05-18 12:06:02 +0200 CEST,2024-05-18 12:06:04 +0200 CEST,2024-05-18 12:06:04 +0200 CEST,2024-05-18 12:06:04 +0200 CEST,2024-05-18T12:07:26+02:00,2024-05-18T12:07:26+02:00
deploy-undeploy-test-5,deploy-undeploy-test-5-7dcccfb6bc-bzbwr,2024-05-18T12:05:59+02:00,2024-05-18 12:06:05 +0200 CEST,2024-05-18 12:06:05 +0200 CEST,2024-05-18 12:06:07 +0200 CEST,2024-05-18 12:06:07 +0200 CEST,2024-05-18 12:06:07 +0200 CEST,2024-05-18T12:07:29+02:00,2024-05-18T12:07:30+02:00
deploy-undeploy-test-77,deploy-undeploy-test-77-dc5bf9c4d-wmrck,2024-05-18T12:06:14+02:00,2024-05-18 12:06:23 +0200 CEST,2024-05-18 12:06:23 +0200 CEST,2024-05-18 12:06:24 +0200 CEST,2024-05-18 12:06:24 +0200 CEST,2024-05-18 12:06:24 +0200 CEST,2024-05-18T12:07:58+02:00,2024-05-18T12:07:59+02:00
deploy-undeploy-test-8,deploy-undeploy-test-8-6ccbd75666-h5t64,2024-05-18T12:06:16+02:00,2024-05-18 12:06:25 +0200 CEST,2024-05-18 12:06:25 +0200 CEST,2024-05-18 12:06:27 +0200 CEST,2024-05-18 12:06:27 +0200 CEST,2024-05-18 12:06:27 +0200 CEST,2024-05-18T12:08:02+02:00,2024-05-18T12:08:02+02:00
deploy-undeploy-test-10,deploy-undeploy-test-10-d656d4f9c-9c92m,2024-05-18T12:05:39+02:00,2024-05-18 12:05:39 +0200 CEST,2024-05-18 12:05:39 +0200 CEST,2024-05-18 12:05:40 +0200 CEST,2024-05-18 12:05:40 +0200 CEST,2024-05-18 12:05:40 +0200 CEST,2024-05-18T12:07:00+02:00,2024-05-18T12:07:02+02:00
deploy-undeploy-test-55,deploy-undeploy-test-55-6ddf6ccb96-2vfpz,2024-05-18T12:06:02+02:00,2024-05-18 12:06:09 +0200 CEST,2024-05-18 12:06:09 +0200 CEST,2024-05-18 12:06:11 +0200 CEST,2024-05-18 12:06:11 +0200 CEST,2024-05-18 12:06:11 +0200 CEST,2024-05-18T12:07:34+02:00,2024-05-18T12:07:35+02:00
deploy-undeploy-test-56,deploy-undeploy-test-56-5d7987467-lhd5p,2024-05-18T12:06:03+02:00,2024-05-18 12:06:09 +0200 CEST,2024-05-18 12:06:09 +0200 CEST,2024-05-18 12:06:11 +0200 CEST,2024-05-18 12:06:11 +0200 CEST,2024-05-18 12:06:11 +0200 CEST,2024-05-18T12:07:35+02:00,2024-05-18T12:07:35+02:00
deploy-undeploy-test-1,deploy-undeploy-test-1-75b666568c-tl5rh,2024-05-18T12:05:39+02:00,2024-05-18 12:05:39 +0200 CEST,2024-05-18 12:05:39 +0200 CEST,2024-05-18 12:05:40 +0200 CEST,2024-05-18 12:05:40 +0200 CEST,2024-05-18 12:05:40 +0200 CEST,2024-05-18T12:07:00+02:00,2024-05-18T12:07:01+02:00
deploy-undeploy-test-35,deploy-undeploy-test-35-57ddc8846b-nj8l2,2024-05-18T12:05:50+02:00,2024-05-18 12:05:55 +0200 CEST,2024-05-18 12:05:55 +0200 CEST,2024-05-18 12:05:57 +0200 CEST,2024-05-18 12:05:57 +0200 CEST,2024-05-18 12:05:57 +0200 CEST,2024-05-18T12:07:16+02:00,2024-05-18T12:07:17+02:00
deploy-undeploy-test-41,deploy-undeploy-test-41-7574c5ffff-xn58m,2024-05-18T12:05:54+02:00,2024-05-18 12:06:00 +0200 CEST,2024-05-18 12:06:00 +0200 CEST,2024-05-18 12:06:02 +0200 CEST,2024-05-18 12:06:02 +0200 CEST,2024-05-18 12:06:02 +0200 CEST,2024-05-18T12:07:22+02:00,2024-05-18T12:07:23+02:00
deploy-undeploy-test-52,deploy-undeploy-test-52-6d8cc587f9-wll2r,2024-05-18T12:06:01+02:00,2024-05-18 12:06:07 +0200 CEST,2024-05-18 12:06:07 +0200 CEST,2024-05-18 12:06:09 +0200 CEST,2024-05-18 12:06:09 +0200 CEST,2024-05-18 12:06:09 +0200 CEST,2024-05-18T12:07:31+02:00,2024-05-18T12:07:32+02:00
deploy-undeploy-test-67,deploy-undeploy-test-67-59db96dfbc-kfsst,2024-05-18T12:06:09+02:00,2024-05-18 12:06:17 +0200 CEST,2024-05-18 12:06:17 +0200 CEST,2024-05-18 12:06:18 +0200 CEST,2024-05-18 12:06:18 +0200 CEST,2024-05-18 12:06:18 +0200 CEST,2024-05-18T12:07:47+02:00,2024-05-18T12:07:47+02:00
deploy-undeploy-test-31,deploy-undeploy-test-31-cbbdd76b6-rn6bv,2024-05-18T12:05:49+02:00,2024-05-18 12:05:53 +0200 CEST,2024-05-18 12:05:53 +0200 CEST,2024-05-18 12:05:55 +0200 CEST,2024-05-18 12:05:55 +0200 CEST,2024-05-18 12:05:55 +0200 CEST,2024-05-18T12:07:15+02:00,2024-05-18T12:07:16+02:00
deploy-undeploy-test-43,deploy-undeploy-test-43-67cd9b54f7-m8hd8,2024-05-18T12:05:55+02:00,2024-05-18 12:06:01 +0200 CEST,2024-05-18 12:06:01 +0200 CEST,2024-05-18 12:06:03 +0200 CEST,2024-05-18 12:06:03 +0200 CEST,2024-05-18 12:06:03 +0200 CEST,2024-05-18T12:07:24+02:00,2024-05-18T12:07:24+02:00
deploy-undeploy-test-44,deploy-undeploy-test-44-847cff9cc4-gsvd9,2024-05-18T12:05:56+02:00,2024-05-18 12:06:02 +0200 CEST,2024-05-18 12:06:02 +0200 CEST,2024-05-18 12:06:03 +0200 CEST,2024-05-18 12:06:03 +0200 CEST,2024-05-18 12:06:03 +0200 CEST,2024-05-18T12:07:25+02:00,2024-05-18T12:07:25+02:00
deploy-undeploy-test-51,deploy-undeploy-test-51-785b5788b8-dxqcf,2024-05-18T12:06:00+02:00,2024-05-18 12:06:06 +0200 CEST,2024-05-18 12:06:06 +0200 CEST,2024-05-18 12:06:08 +0200 CEST,2024-05-18 12:06:08 +0200 CEST,2024-05-18 12:06:08 +0200 CEST,2024-05-18T12:07:30+02:00,2024-05-18T12:07:31+02:00
deploy-undeploy-test-54,deploy-undeploy-test-54-755fc7946f-wjl55,2024-05-18T12:06:01+02:00,2024-05-18 12:06:08 +0200 CEST,2024-05-18 12:06:08 +0200 CEST,2024-05-18 12:06:10 +0200 CEST,2024-05-18 12:06:10 +0200 CEST,2024-05-18 12:06:10 +0200 CEST,2024-05-18T12:07:33+02:00,2024-05-18T12:07:33+02:00
deploy-undeploy-test-73,deploy-undeploy-test-73-784f6ff8fb-864mr,2024-05-18T12:06:12+02:00,2024-05-18 12:06:21 +0200 CEST,2024-05-18 12:06:21 +0200 CEST,2024-05-18 12:06:23 +0200 CEST,2024-05-18 12:06:23 +0200 CEST,2024-05-18 12:06:23 +0200 CEST,2024-05-18T12:07:54+02:00,2024-05-18T12:07:54+02:00
deploy-undeploy-test-87,deploy-undeploy-test-87-65db887c4f-65gk6,2024-05-18T12:06:19+02:00,2024-05-18 12:06:30 +0200 CEST,2024-05-18 12:06:30 +0200 CEST,2024-05-18 12:06:31 +0200 CEST,2024-05-18 12:06:31 +0200 CEST,2024-05-18 12:06:31 +0200 CEST,2024-05-18T12:08:10+02:00,2024-05-18T12:08:11+02:00
deploy-undeploy-test-3,deploy-undeploy-test-3-f988b9cfc-9skc7,2024-05-18T12:05:48+02:00,2024-05-18 12:05:52 +0200 CEST,2024-05-18 12:05:52 +0200 CEST,2024-05-18 12:05:53 +0200 CEST,2024-05-18 12:05:53 +0200 CEST,2024-05-18 12:05:53 +0200 CEST,2024-05-18T12:07:14+02:00,2024-05-18T12:07:15+02:00
deploy-undeploy-test-71,deploy-undeploy-test-71-65679d6b54-8xh6j,2024-05-18T12:06:11+02:00,2024-05-18 12:06:20 +0200 CEST,2024-05-18 12:06:20 +0200 CEST,2024-05-18 12:06:21 +0200 CEST,2024-05-18 12:06:21 +0200 CEST,2024-05-18 12:06:21 +0200 CEST,2024-05-18T12:07:52+02:00,2024-05-18T12:07:51+02:00
deploy-undeploy-test-80,deploy-undeploy-test-80-6c85b747db-rbcbc,2024-05-18T12:06:16+02:00,2024-05-18 12:06:26 +0200 CEST,2024-05-18 12:06:26 +0200 CEST,2024-05-18 12:06:28 +0200 CEST,2024-05-18 12:06:28 +0200 CEST,2024-05-18 12:06:28 +0200 CEST,2024-05-18T12:08:03+02:00,2024-05-18T12:08:04+02:00
deploy-undeploy-test-91,deploy-undeploy-test-91-d68bf8c68-n7tf9,2024-05-18T12:06:22+02:00,2024-05-18 12:06:33 +0200 CEST,2024-05-18 12:06:33 +0200 CEST,2024-05-18 12:06:35 +0200 CEST,2024-05-18 12:06:35 +0200 CEST,2024-05-18 12:06:35 +0200 CEST,2024-05-18T12:08:14+02:00,2024-05-18T12:08:14+02:00
deploy-undeploy-test-92,deploy-undeploy-test-92-6b6b44779f-r9p7j,2024-05-18T12:06:22+02:00,2024-05-18 12:06:34 +0200 CEST,2024-05-18 12:06:34 +0200 CEST,2024-05-18 12:06:36 +0200 CEST,2024-05-18 12:06:36 +0200 CEST,2024-05-18 12:06:36 +0200 CEST,2024-05-18T12:08:15+02:00,2024-05-18T12:08:15+02:00
deploy-undeploy-test-95,deploy-undeploy-test-95-7f6d6d749b-mtr24,2024-05-18T12:06:24+02:00,2024-05-18 12:06:35 +0200 CEST,2024-05-18 12:06:35 +0200 CEST,2024-05-18 12:06:37 +0200 CEST,2024-05-18 12:06:37 +0200 CEST,2024-05-18 12:06:37 +0200 CEST,2024-05-18T12:08:18+02:00,2024-05-18T12:08:18+02:00
deploy-undeploy-test-24,deploy-undeploy-test-24-6494fc5c56-kxwp8,2024-05-18T12:05:46+02:00,2024-05-18 12:05:48 +0200 CEST,2024-05-18 12:05:48 +0200 CEST,2024-05-18 12:05:50 +0200 CEST,2024-05-18 12:05:50 +0200 CEST,2024-05-18 12:05:50 +0200 CEST,2024-05-18T12:07:12+02:00,2024-05-18T12:07:13+02:00
deploy-undeploy-test-32,deploy-undeploy-test-32-6b6bfd78b5-nt4rv,2024-05-18T12:05:49+02:00,2024-05-18 12:05:53 +0200 CEST,2024-05-18 12:05:53 +0200 CEST,2024-05-18 12:05:55 +0200 CEST,2024-05-18 12:05:55 +0200 CEST,2024-05-18 12:05:55 +0200 CEST,2024-05-18T12:07:15+02:00,2024-05-18T12:07:17+02:00
deploy-undeploy-test-34,deploy-undeploy-test-34-55765bd7f9-hv797,2024-05-18T12:05:50+02:00,2024-05-18 12:05:55 +0200 CEST,2024-05-18 12:05:55 +0200 CEST,2024-05-18 12:05:57 +0200 CEST,2024-05-18 12:05:57 +0200 CEST,2024-05-18 12:05:57 +0200 CEST,2024-05-18T12:07:16+02:00,2024-05-18T12:07:17+02:00
deploy-undeploy-test-64,deploy-undeploy-test-64-7db66c99b8-lvrc2,2024-05-18T12:06:07+02:00,2024-05-18 12:06:15 +0200 CEST,2024-05-18 12:06:15 +0200 CEST,2024-05-18 12:06:16 +0200 CEST,2024-05-18 12:06:16 +0200 CEST,2024-05-18 12:06:16 +0200 CEST,2024-05-18T12:07:44+02:00,2024-05-18T12:07:44+02:00
deploy-undeploy-test-84,deploy-undeploy-test-84-74b9894c86-ktj5p,2024-05-18T12:06:18+02:00,2024-05-18 12:06:28 +0200 CEST,2024-05-18 12:06:28 +0200 CEST,2024-05-18 12:06:30 +0200 CEST,2024-05-18 12:06:30 +0200 CEST,2024-05-18 12:06:30 +0200 CEST,2024-05-18T12:08:06+02:00,2024-05-18T12:08:06+02:00
deploy-undeploy-test-98,deploy-undeploy-test-98-757f696697-2wh4c,2024-05-18T12:06:25+02:00,2024-05-18 12:06:36 +0200 CEST,2024-05-18 12:06:36 +0200 CEST,2024-05-18 12:06:38 +0200 CEST,2024-05-18 12:06:39 +0200 CEST,2024-05-18 12:06:39 +0200 CEST,2024-05-18T12:08:21+02:00,2024-05-18T12:08:21+02:00
deploy-undeploy-test-13,deploy-undeploy-test-13-5c446dcff4-gjwk6,2024-05-18T12:05:41+02:00,2024-05-18 12:05:41 +0200 CEST,2024-05-18 12:05:41 +0200 CEST,2024-05-18 12:05:43 +0200 CEST,2024-05-18 12:05:43 +0200 CEST,2024-05-18 12:05:43 +0200 CEST,2024-05-18T12:07:02+02:00,2024-05-18T12:07:03+02:00
deploy-undeploy-test-42,deploy-undeploy-test-42-75cc69d58d-pg9c5,2024-05-18T12:05:55+02:00,2024-05-18 12:06:00 +0200 CEST,2024-05-18 12:06:00 +0200 CEST,2024-05-18 12:06:02 +0200 CEST,2024-05-18 12:06:02 +0200 CEST,2024-05-18 12:06:02 +0200 CEST,2024-05-18T12:07:23+02:00,2024-05-18T12:07:24+02:00
deploy-undeploy-test-58,deploy-undeploy-test-58-584d44dbb9-5lchn,2024-05-18T12:06:04+02:00,2024-05-18 12:06:11 +0200 CEST,2024-05-18 12:06:11 +0200 CEST,2024-05-18 12:06:12 +0200 CEST,2024-05-18 12:06:12 +0200 CEST,2024-05-18 12:06:12 +0200 CEST,2024-05-18T12:07:37+02:00,2024-05-18T12:07:37+02:00
deploy-undeploy-test-61,deploy-undeploy-test-61-7b666b98fc-mfx2g,2024-05-18T12:06:06+02:00,2024-05-18 12:06:13 +0200 CEST,2024-05-18 12:06:13 +0200 CEST,2024-05-18 12:06:14 +0200 CEST,2024-05-18 12:06:14 +0200 CEST,2024-05-18 12:06:14 +0200 CEST,2024-05-18T12:07:41+02:00,2024-05-18T12:07:42+02:00
deploy-undeploy-test-63,deploy-undeploy-test-63-68489ddb9f-2jpwr,2024-05-18T12:06:07+02:00,2024-05-18 12:06:14 +0200 CEST,2024-05-18 12:06:14 +0200 CEST,2024-05-18 12:06:15 +0200 CEST,2024-05-18 12:06:15 +0200 CEST,2024-05-18 12:06:15 +0200 CEST,2024-05-18T12:07:43+02:00,2024-05-18T12:07:44+02:00
deploy-undeploy-test-78,deploy-undeploy-test-78-5574cfc895-nqrrv,2024-05-18T12:06:15+02:00,2024-05-18 12:06:24 +0200 CEST,2024-05-18 12:06:24 +0200 CEST,2024-05-18 12:06:25 +0200 CEST,2024-05-18 12:06:26 +0200 CEST,2024-05-18 12:06:26 +0200 CEST,2024-05-18T12:08:00+02:00,2024-05-18T12:08:00+02:00
deploy-undeploy-test-85,deploy-undeploy-test-85-74f96d5dcf-t7cs7,2024-05-18T12:06:18+02:00,2024-05-18 12:06:29 +0200 CEST,2024-05-18 12:06:29 +0200 CEST,2024-05-18 12:06:30 +0200 CEST,2024-05-18 12:06:30 +0200 CEST,2024-05-18 12:06:30 +0200 CEST,2024-05-18T12:08:08+02:00,2024-05-18T12:08:08+02:00
deploy-undeploy-test-89,deploy-undeploy-test-89-85bb859cdc-8vrtn,2024-05-18T12:06:20+02:00,2024-05-18 12:06:31 +0200 CEST,2024-05-18 12:06:31 +0200 CEST,2024-05-18 12:06:33 +0200 CEST,2024-05-18 12:06:33 +0200 CEST,2024-05-18 12:06:33 +0200 CEST,2024-05-18T12:08:12+02:00,2024-05-18T12:08:11+02:00
deploy-undeploy-test-19,deploy-undeploy-test-19-95c8c8f5b-dsq5k,2024-05-18T12:05:43+02:00,2024-05-18 12:05:44 +0200 CEST,2024-05-18 12:05:44 +0200 CEST,2024-05-18 12:05:45 +0200 CEST,2024-05-18 12:05:45 +0200 CEST,2024-05-18 12:05:45 +0200 CEST,2024-05-18T12:07:07+02:00,2024-05-18T12:07:07+02:00
deploy-undeploy-test-93,deploy-undeploy-test-93-c989864cd-qfjw5,2024-05-18T12:06:23+02:00,2024-05-18 12:06:35 +0200 CEST,2024-05-18 12:06:35 +0200 CEST,2024-05-18 12:06:37 +0200 CEST,2024-05-18 12:06:37 +0200 CEST,2024-05-18 12:06:37 +0200 CEST,2024-05-18T12:08:16+02:00,2024-05-18T12:08:16+02:00
deploy-undeploy-test-22,deploy-undeploy-test-22-6b8d4f7898-ftqtc,2024-05-18T12:05:45+02:00,2024-05-18 12:05:46 +0200 CEST,2024-05-18 12:05:46 +0200 CEST,2024-05-18 12:05:48 +0200 CEST,2024-05-18 12:05:48 +0200 CEST,2024-05-18 12:05:48 +0200 CEST,2024-05-18T12:07:10+02:00,2024-05-18T12:07:11+02:00
deploy-undeploy-test-29,deploy-undeploy-test-29-6d5fd994d9-hllxp,2024-05-18T12:05:47+02:00,2024-05-18 12:05:51 +0200 CEST,2024-05-18 12:05:51 +0200 CEST,2024-05-18 12:05:53 +0200 CEST,2024-05-18 12:05:53 +0200 CEST,2024-05-18 12:05:53 +0200 CEST,2024-05-18T12:07:14+02:00,2024-05-18T12:07:14+02:00
deploy-undeploy-test-33,deploy-undeploy-test-33-77c9fcfb96-6gbjv,2024-05-18T12:05:49+02:00,2024-05-18 12:05:54 +0200 CEST,2024-05-18 12:05:54 +0200 CEST,2024-05-18 12:05:56 +0200 CEST,2024-05-18 12:05:56 +0200 CEST,2024-05-18 12:05:56 +0200 CEST,2024-05-18T12:07:15+02:00,2024-05-18T12:07:16+02:00
deploy-undeploy-test-40,deploy-undeploy-test-40-df595b56b-4mrrc,2024-05-18T12:05:53+02:00,2024-05-18 12:05:59 +0200 CEST,2024-05-18 12:05:59 +0200 CEST,2024-05-18 12:06:01 +0200 CEST,2024-05-18 12:06:01 +0200 CEST,2024-05-18 12:06:01 +0200 CEST,2024-05-18T12:07:21+02:00,2024-05-18T12:07:22+02:00
deploy-undeploy-test-70,deploy-undeploy-test-70-6fc55499c5-95bbm,2024-05-18T12:06:11+02:00,2024-05-18 12:06:19 +0200 CEST,2024-05-18 12:06:19 +0200 CEST,2024-05-18 12:06:21 +0200 CEST,2024-05-18 12:06:21 +0200 CEST,2024-05-18 12:06:21 +0200 CEST,2024-05-18T12:07:51+02:00,2024-05-18T12:07:51+02:00
deploy-undeploy-test-96,deploy-undeploy-test-96-5c555b44c9-66vgq,2024-05-18T12:06:24+02:00,2024-05-18 12:06:36 +0200 CEST,2024-05-18 12:06:36 +0200 CEST,2024-05-18 12:06:37 +0200 CEST,2024-05-18 12:06:37 +0200 CEST,2024-05-18 12:06:37 +0200 CEST,2024-05-18T12:08:19+02:00,2024-05-18T12:08:19+02:00
deploy-undeploy-test-100,deploy-undeploy-test-100-f65d49475-x7p4d,2024-05-18T12:05:39+02:00,2024-05-18 12:05:39 +0200 CEST,2024-05-18 12:05:39 +0200 CEST,2024-05-18 12:05:41 +0200 CEST,2024-05-18 12:05:42 +0200 CEST,2024-05-18 12:05:42 +0200 CEST,2024-05-18T12:07:00+02:00,2024-05-18T12:07:01+02:00
deploy-undeploy-test-20,deploy-undeploy-test-20-5968558f44-n52wf,2024-05-18T12:05:44+02:00,2024-05-18 12:05:45 +0200 CEST,2024-05-18 12:05:45 +0200 CEST,2024-05-18 12:05:47 +0200 CEST,2024-05-18 12:05:47 +0200 CEST,2024-05-18 12:05:47 +0200 CEST,2024-05-18T12:07:09+02:00,2024-05-18T12:07:10+02:00
deploy-undeploy-test-37,deploy-undeploy-test-37-76c79ddd8d-949v9,2024-05-18T12:05:51+02:00,2024-05-18 12:05:57 +0200 CEST,2024-05-18 12:05:57 +0200 CEST,2024-05-18 12:05:58 +0200 CEST,2024-05-18 12:05:58 +0200 CEST,2024-05-18 12:05:58 +0200 CEST,2024-05-18T12:07:18+02:00,2024-05-18T12:07:18+02:00
deploy-undeploy-test-46,deploy-undeploy-test-46-7857dbc84d-r8b2x,2024-05-18T12:05:57+02:00,2024-05-18 12:06:03 +0200 CEST,2024-05-18 12:06:03 +0200 CEST,2024-05-18 12:06:04 +0200 CEST,2024-05-18 12:06:04 +0200 CEST,2024-05-18 12:06:04 +0200 CEST,2024-05-18T12:07:27+02:00,2024-05-18T12:07:29+02:00
deploy-undeploy-test-2,deploy-undeploy-test-2-59f845d58d-mww4x,2024-05-18T12:05:44+02:00,2024-05-18 12:05:45 +0200 CEST,2024-05-18 12:05:45 +0200 CEST,2024-05-18 12:05:47 +0200 CEST,2024-05-18 12:05:47 +0200 CEST,2024-05-18 12:05:47 +0200 CEST,2024-05-18T12:07:08+02:00,2024-05-18T12:07:09+02:00
deploy-undeploy-test-60,deploy-undeploy-test-60-5cd8d5b564-vwqdt,2024-05-18T12:06:05+02:00,2024-05-18 12:06:12 +0200 CEST,2024-05-18 12:06:12 +0200 CEST,2024-05-18 12:06:14 +0200 CEST,2024-05-18 12:06:14 +0200 CEST,2024-05-18 12:06:14 +0200 CEST,2024-05-18T12:07:40+02:00,2024-05-18T12:07:40+02:00
deploy-undeploy-test-66,deploy-undeploy-test-66-57ff59bdb-jt6fk,2024-05-18T12:06:08+02:00,2024-05-18 12:06:16 +0200 CEST,2024-05-18 12:06:16 +0200 CEST,2024-05-18 12:06:18 +0200 CEST,2024-05-18 12:06:18 +0200 CEST,2024-05-18 12:06:18 +0200 CEST,2024-05-18T12:07:46+02:00,2024-05-18T12:07:46+02:00
deploy-undeploy-test-82,deploy-undeploy-test-82-8666956c56-skkvm,2024-05-18T12:06:17+02:00,2024-05-18 12:06:27 +0200 CEST,2024-05-18 12:06:27 +0200 CEST,2024-05-18 12:06:29 +0200 CEST,2024-05-18 12:06:29 +0200 CEST,2024-05-18 12:06:29 +0200 CEST,2024-05-18T12:08:05+02:00,2024-05-18T12:08:06+02:00
deploy-undeploy-test-94,deploy-undeploy-test-94-848f5cc9d9-spw65,2024-05-18T12:06:23+02:00,2024-05-18 12:06:35 +0200 CEST,2024-05-18 12:06:35 +0200 CEST,2024-05-18 12:06:36 +0200 CEST,2024-05-18 12:06:36 +0200 CEST,2024-05-18 12:06:36 +0200 CEST,2024-05-18T12:08:17+02:00,2024-05-18T12:08:17+02:00
deploy-undeploy-test-39,deploy-undeploy-test-39-58c888cdf8-77tgt,2024-05-18T12:05:52+02:00,2024-05-18 12:05:58 +0200 CEST,2024-05-18 12:05:58 +0200 CEST,2024-05-18 12:06:00 +0200 CEST,2024-05-18 12:06:00 +0200 CEST,2024-05-18 12:06:00 +0200 CEST,2024-05-18T12:07:20+02:00,2024-05-18T12:07:20+02:00
deploy-undeploy-test-25,deploy-undeploy-test-25-7c4785d9b5-plfqm,2024-05-18T12:05:46+02:00,2024-05-18 12:05:49 +0200 CEST,2024-05-18 12:05:49 +0200 CEST,2024-05-18 12:05:50 +0200 CEST,2024-05-18 12:05:50 +0200 CEST,2024-05-18 12:05:50 +0200 CEST,2024-05-18T12:07:12+02:00,2024-05-18T12:07:13+02:00
deploy-undeploy-test-27,deploy-undeploy-test-27-58d6995b87-bj6lp,2024-05-18T12:05:47+02:00,2024-05-18 12:05:50 +0200 CEST,2024-05-18 12:05:50 +0200 CEST,2024-05-18 12:05:52 +0200 CEST,2024-05-18 12:05:52 +0200 CEST,2024-05-18 12:05:52 +0200 CEST,2024-05-18T12:07:13+02:00,2024-05-18T12:07:14+02:00
deploy-undeploy-test-30,deploy-undeploy-test-30-df6b5cd67-c9l7v,2024-05-18T12:05:48+02:00,2024-05-18 12:05:52 +0200 CEST,2024-05-18 12:05:52 +0200 CEST,2024-05-18 12:05:54 +0200 CEST,2024-05-18 12:05:54 +0200 CEST,2024-05-18 12:05:54 +0200 CEST,2024-05-18T12:07:15+02:00,2024-05-18T12:07:16+02:00
deploy-undeploy-test-36,deploy-undeploy-test-36-84bb59c6f-bzz6r,2024-05-18T12:05:51+02:00,2024-05-18 12:05:56 +0200 CEST,2024-05-18 12:05:56 +0200 CEST,2024-05-18 12:05:58 +0200 CEST,2024-05-18 12:05:58 +0200 CEST,2024-05-18 12:05:58 +0200 CEST,2024-05-18T12:07:17+02:00,2024-05-18T12:07:17+02:00
deploy-undeploy-test-48,deploy-undeploy-test-48-58f8779474-8g99c,2024-05-18T12:05:58+02:00,2024-05-18 12:06:04 +0200 CEST,2024-05-18 12:06:04 +0200 CEST,2024-05-18 12:06:06 +0200 CEST,2024-05-18 12:06:06 +0200 CEST,2024-05-18 12:06:06 +0200 CEST,2024-05-18T12:07:28+02:00,2024-05-18T12:07:29+02:00
deploy-undeploy-test-57,deploy-undeploy-test-57-845769b64b-v9n7f,2024-05-18T12:06:03+02:00,2024-05-18 12:06:10 +0200 CEST,2024-05-18 12:06:10 +0200 CEST,2024-05-18 12:06:11 +0200 CEST,2024-05-18 12:06:11 +0200 CEST,2024-05-18 12:06:11 +0200 CEST,2024-05-18T12:07:36+02:00,2024-05-18T12:07:36+02:00
deploy-undeploy-test-62,deploy-undeploy-test-62-79bc4fc886-fvtzg,2024-05-18T12:06:06+02:00,2024-05-18 12:06:14 +0200 CEST,2024-05-18 12:06:14 +0200 CEST,2024-05-18 12:06:15 +0200 CEST,2024-05-18 12:06:15 +0200 CEST,2024-05-18 12:06:15 +0200 CEST,2024-05-18T12:07:42+02:00,2024-05-18T12:07:43+02:00
deploy-undeploy-test-14,deploy-undeploy-test-14-6ffd964485-ndfsm,2024-05-18T12:05:41+02:00,2024-05-18 12:05:41 +0200 CEST,2024-05-18 12:05:41 +0200 CEST,2024-05-18 12:05:43 +0200 CEST,2024-05-18 12:05:43 +0200 CEST,2024-05-18 12:05:43 +0200 CEST,2024-05-18T12:07:02+02:00,2024-05-18T12:07:03+02:00
deploy-undeploy-test-81,deploy-undeploy-test-81-7c748bf5dc-2k88n,2024-05-18T12:06:17+02:00,2024-05-18 12:06:26 +0200 CEST,2024-05-18 12:06:26 +0200 CEST,2024-05-18 12:06:28 +0200 CEST,2024-05-18 12:06:29 +0200 CEST,2024-05-18 12:06:29 +0200 CEST,2024-05-18T12:08:04+02:00,2024-05-18T12:08:05+02:00
deploy-undeploy-test-90,deploy-undeploy-test-90-86d5d49f69-mc4c8,2024-05-18T12:06:21+02:00,2024-05-18 12:06:32 +0200 CEST,2024-05-18 12:06:32 +0200 CEST,2024-05-18 12:06:34 +0200 CEST,2024-05-18 12:06:34 +0200 CEST,2024-05-18 12:06:34 +0200 CEST,2024-05-18T12:08:13+02:00,2024-05-18T12:08:13+02:00
deploy-undeploy-test-99,deploy-undeploy-test-99-589649d776-655fc,2024-05-18T12:06:26+02:00,2024-05-18 12:06:37 +0200 CEST,2024-05-18 12:06:37 +0200 CEST,2024-05-18 12:06:38 +0200 CEST,2024-05-18 12:06:38 +0200 CEST,2024-05-18 12:06:38 +0200 CEST,2024-05-18T12:08:22+02:00,2024-05-18T12:08:23+02:00
deploy-undeploy-test-72,deploy-undeploy-test-72-59c888649c-rzpmk,2024-05-18T12:06:12+02:00,2024-05-18 12:06:20 +0200 CEST,2024-05-18 12:06:20 +0200 CEST,2024-05-18 12:06:22 +0200 CEST,2024-05-18 12:06:22 +0200 CEST,2024-05-18 12:06:22 +0200 CEST,2024-05-18T12:07:53+02:00,2024-05-18T12:07:53+02:00
deploy-undeploy-test-59,deploy-undeploy-test-59-5b55bc44c6-dbrg2,2024-05-18T12:06:04+02:00,2024-05-18 12:06:11 +0200 CEST,2024-05-18 12:06:11 +0200 CEST,2024-05-18 12:06:13 +0200 CEST,2024-05-18 12:06:13 +0200 CEST,2024-05-18 12:06:13 +0200 CEST,2024-05-18T12:07:38+02:00,2024-05-18T12:07:39+02:00
deploy-undeploy-test-88,deploy-undeploy-test-88-778b46b86b-6rrvn,2024-05-18T12:06:20+02:00,2024-05-18 12:06:31 +0200 CEST,2024-05-18 12:06:31 +0200 CEST,2024-05-18 12:06:32 +0200 CEST,2024-05-18 12:06:46 +0200 CEST,2024-05-18 12:06:46 +0200 CEST,2024-05-18T12:08:11+02:00,2024-05-18T12:08:11+02:00
deploy-undeploy-test-9,deploy-undeploy-test-9-6d4bbb679f-5mw5s,2024-05-18T12:06:21+02:00,2024-05-18 12:06:32 +0200 CEST,2024-05-18 12:06:32 +0200 CEST,2024-05-18 12:06:33 +0200 CEST,2024-05-18 12:06:34 +0200 CEST,2024-05-18 12:06:34 +0200 CEST,2024-05-18T12:08:12+02:00,2024-05-18T12:08:13+02:00
deploy-undeploy-test-21,deploy-undeploy-test-21-5c989c66cc-9pr7j,2024-05-18T12:05:45+02:00,2024-05-18 12:05:47 +0200 CEST,2024-05-18 12:05:47 +0200 CEST,2024-05-18 12:05:49 +0200 CEST,2024-05-18 12:05:49 +0200 CEST,2024-05-18 12:05:49 +0200 CEST,2024-05-18T12:07:10+02:00,2024-05-18T12:07:11+02:00
deploy-undeploy-test-38,deploy-undeploy-test-38-77ffd78fff-xjx4c,2024-05-18T12:05:52+02:00,2024-05-18 12:05:58 +0200 CEST,2024-05-18 12:05:58 +0200 CEST,2024-05-18 12:05:59 +0200 CEST,2024-05-18 12:05:59 +0200 CEST,2024-05-18 12:05:59 +0200 CEST,2024-05-18T12:07:19+02:00,2024-05-18T12:07:19+02:00
deploy-undeploy-test-65,deploy-undeploy-test-65-75bdd8787c-bgn8g,2024-05-18T12:06:08+02:00,2024-05-18 12:06:15 +0200 CEST,2024-05-18 12:06:15 +0200 CEST,2024-05-18 12:06:17 +0200 CEST,2024-05-18 12:06:17 +0200 CEST,2024-05-18 12:06:17 +0200 CEST,2024-05-18T12:07:45+02:00,2024-05-18T12:07:45+02:00
deploy-undeploy-test-68,deploy-undeploy-test-68-7db7c9f7b4-xzhmk,2024-05-18T12:06:09+02:00,2024-05-18 12:06:17 +0200 CEST,2024-05-18 12:06:17 +0200 CEST,2024-05-18 12:06:19 +0200 CEST,2024-05-18 12:06:19 +0200 CEST,2024-05-18 12:06:19 +0200 CEST,2024-05-18T12:07:48+02:00,2024-05-18T12:07:48+02:00
deploy-undeploy-test-7,deploy-undeploy-test-7-dc5b5f8c7-whdt8,2024-05-18T12:06:10+02:00,2024-05-18 12:06:18 +0200 CEST,2024-05-18 12:06:18 +0200 CEST,2024-05-18 12:06:20 +0200 CEST,2024-05-18 12:06:20 +0200 CEST,2024-05-18 12:06:20 +0200 CEST,2024-05-18T12:07:50+02:00,2024-05-18T12:07:51+02:00
deploy-undeploy-test-23,deploy-undeploy-test-23-755778c9bc-t9pwv,2024-05-18T12:05:45+02:00,2024-05-18 12:05:47 +0200 CEST,2024-05-18 12:05:47 +0200 CEST,2024-05-18 12:05:48 +0200 CEST,2024-05-18 12:05:48 +0200 CEST,2024-05-18 12:05:48 +0200 CEST,2024-05-18T12:07:11+02:00,2024-05-18T12:07:12+02:00
deploy-undeploy-test-15,deploy-undeploy-test-15-6d9c78ffb4-8bksw,2024-05-18T12:05:42+02:00,2024-05-18 12:05:42 +0200 CEST,2024-05-18 12:05:42 +0200 CEST,2024-05-18 12:05:44 +0200 CEST,2024-05-18 12:05:44 +0200 CEST,2024-05-18 12:05:44 +0200 CEST,2024-05-18T12:07:03+02:00,2024-05-18T12:07:03+02:00
deploy-undeploy-test-18,deploy-undeploy-test-18-85c6ddfdb5-nnksh,2024-05-18T12:05:43+02:00,2024-05-18 12:05:43 +0200 CEST,2024-05-18 12:05:43 +0200 CEST,2024-05-18 12:05:45 +0200 CEST,2024-05-18 12:05:45 +0200 CEST,2024-05-18 12:05:45 +0200 CEST,2024-05-18T12:07:06+02:00,2024-05-18T12:07:06+02:00
deploy-undeploy-test-4,deploy-undeploy-test-4-749c84bf4b-hfh9t,2024-05-18T12:05:53+02:00,2024-05-18 12:05:59 +0200 CEST,2024-05-18 12:05:59 +0200 CEST,2024-05-18 12:06:01 +0200 CEST,2024-05-18 12:06:01 +0200 CEST,2024-05-18 12:06:01 +0200 CEST,2024-05-18T12:07:21+02:00,2024-05-18T12:07:21+02:00
deploy-undeploy-test-47,deploy-undeploy-test-47-6ff6b88b9-vl8ws,2024-05-18T12:05:58+02:00,2024-05-18 12:06:03 +0200 CEST,2024-05-18 12:06:03 +0200 CEST,2024-05-18 12:06:05 +0200 CEST,2024-05-18 12:06:05 +0200 CEST,2024-05-18 12:06:05 +0200 CEST,2024-05-18T12:07:28+02:00,2024-05-18T12:07:29+02:00
deploy-undeploy-test-50,deploy-undeploy-test-50-cc7b5845c-9qqc8,2024-05-18T12:06:00+02:00,2024-05-18 12:06:06 +0200 CEST,2024-05-18 12:06:06 +0200 CEST,2024-05-18 12:06:07 +0200 CEST,2024-05-18 12:06:07 +0200 CEST,2024-05-18 12:06:07 +0200 CEST,2024-05-18T12:07:29+02:00,2024-05-18T12:07:30+02:00
deploy-undeploy-test-79,deploy-undeploy-test-79-5757fcb9d-xm8fc,2024-05-18T12:06:15+02:00,2024-05-18 12:06:24 +0200 CEST,2024-05-18 12:06:24 +0200 CEST,2024-05-18 12:06:26 +0200 CEST,2024-05-18 12:06:26 +0200 CEST,2024-05-18 12:06:26 +0200 CEST,2024-05-18T12:08:01+02:00,2024-05-18T12:08:01+02:00
deploy-undeploy-test-83,deploy-undeploy-test-83-bdc598fc-vszn5,2024-05-18T12:06:18+02:00,2024-05-18 12:06:28 +0200 CEST,2024-05-18 12:06:28 +0200 CEST,2024-05-18 12:06:29 +0200 CEST,2024-05-18 12:06:29 +0200 CEST,2024-05-18 12:06:29 +0200 CEST,2024-05-18T12:08:05+02:00,2024-05-18T12:08:06+02:00
deploy-undeploy-test-11,deploy-undeploy-test-11-54464685dd-dgdh2,2024-05-18T12:05:40+02:00,2024-05-18 12:05:40 +0200 CEST,2024-05-18 12:05:40 +0200 CEST,2024-05-18 12:05:41 +0200 CEST,2024-05-18 12:05:41 +0200 CEST,2024-05-18 12:05:41 +0200 CEST,2024-05-18T12:07:00+02:00,2024-05-18T12:07:02+02:00
deploy-undeploy-test-97,deploy-undeploy-test-97-c55cb46d6-9hz8m,2024-05-18T12:06:25+02:00,2024-05-18 12:06:36 +0200 CEST,2024-05-18 12:06:36 +0200 CEST,2024-05-18 12:06:38 +0200 CEST,2024-05-18 12:06:38 +0200 CEST,2024-05-18 12:06:38 +0200 CEST,2024-05-18T12:08:20+02:00,2024-05-18T12:08:20+02:00
deploy-undeploy-test-6,deploy-undeploy-test-6-7d564b5964-5d6nm,2024-05-18T12:06:05+02:00,2024-05-18 12:06:12 +0200 CEST,2024-05-18 12:06:12 +0200 CEST,2024-05-18 12:06:14 +0200 CEST,2024-05-18 12:06:14 +0200 CEST,2024-05-18 12:06:14 +0200 CEST,2024-05-18T12:07:39+02:00,2024-05-18T12:07:39+02:00
deploy-undeploy-test-74,deploy-undeploy-test-74-7865c5764c-7x7hq,2024-05-18T12:06:13+02:00,2024-05-18 12:06:22 +0200 CEST,2024-05-18 12:06:22 +0200 CEST,2024-05-18 12:06:23 +0200 CEST,2024-05-18 12:06:23 +0200 CEST,2024-05-18 12:06:23 +0200 CEST,2024-05-18T12:07:55+02:00,2024-05-18T12:07:55+02:00
deploy-undeploy-test-75,deploy-undeploy-test-75-765b4c684b-tj6bc,2024-05-18T12:06:13+02:00,2024-05-18 12:06:22 +0200 CEST,2024-05-18 12:06:22 +0200 CEST,2024-05-18 12:06:23 +0200 CEST,2024-05-18 12:06:23 +0200 CEST,2024-05-18 12:06:23 +0200 CEST,2024-05-18T12:07:56+02:00,2024-05-18T12:07:57+02:00
deploy-undeploy-test-12,deploy-undeploy-test-12-5c7455f56c-48x7q,2024-05-18T12:05:40+02:00,2024-05-18 12:05:40 +0200 CEST,2024-05-18 12:05:40 +0200 CEST,2024-05-18 12:05:42 +0200 CEST,2024-05-18 12:05:42 +0200 CEST,2024-05-18 12:05:42 +0200 CEST,2024-05-18T12:07:01+02:00,2024-05-18T12:07:02+02:00
